data,totale_casi,positivi,netto_positivi,tamponi,guariti,totale_positivi,morti,sintomi,intensiva,delta_positivi
2020-10-01 17:00:00,16740,265,195,11373,65,7343,5,7,2,16.278820596099706
2020-10-02 17:00:00,17004,264,204,11952,55,7547,5,12,0,16.24807680927192
2020-10-03 17:00:00,17265,261,178,13349,78,7725,5,33,-2,16.15549442140351
2020-10-04 17:00:00,17509,244,208,11737,30,7933,6,26,1,15.620499351813308
2020-10-05 17:00:00,17757,248,209,11402,34,8142,5,27,0,15.748015748023622
2020-10-06 17:00:00,18032,275,148,10855,123,8290,4,10,-4,16.583123951777
2020-10-07 17:00:00,18389,357,290,11908,61,8580,6,34,4,18.894443627691185
2020-10-08 17:00:00,18748,359,272,13333,81,8852,6,13,7,18.947295321496416
2020-10-09 17:00:00,19135,387,334,14439,47,9186,6,32,2,19.672315572906
2020-10-10 17:00:00,19519,384,319,14358,59,9505,6,31,0,19.595917942265423
2020-10-11 17:00:00,19890,371,337,12733,30,9842,4,27,12,19.261360284258224
2020-10-12 17:00:00,20285,395,280,13830,107,10122,8,16,9,19.87460691435179
2020-10-13 17:00:00,20864,579,515,15408,59,10637,5,-31,5,24.06241883103193
2020-10-14 17:00:00,21407,543,426,15484,112,11063,5,41,2,23.302360395462088
2020-10-15 17:00:00,22001,594,542,15930,45,11605,7,32,5,24.372115213907882
2020-10-16 17:00:00,22796,795,712,19438,78,12317,5,35,8,28.19574435974337
2020-10-17 17:00:00,23790,994,920,27748,62,13237,12,39,0,31.52776554086889
2020-10-18 17:00:00,24988,1198,1143,23010,49,14380,6,42,1,34.61213659975356
2020-10-19 17:00:00,25927,939,811,17573,119,15191,9,45,12,30.643106892089126
2020-10-20 17:00:00,27151,1224,1142,21117,77,16333,5,66,12,34.9857113690718
2020-10-21 17:00:00,28370,1219,1070,20505,133,17403,16,30,6,34.91418050019218
2020-10-22 17:00:00,29621,1251,1128,21575,107,18531,16,67,2,35.369478367654786
2020-10-23 17:00:00,31010,1389,1290,22457,88,19821,11,61,4,37.26929030716845
2020-10-24 17:00:00,32697,1687,1584,22779,94,21405,9,84,6,41.0731055558257
2020-10-25 17:00:00,34238,1541,1410,21832,121,22815,10,38,5,39.25557285278104
2020-10-26 17:00:00,35936,1698,1591,18991,91,24406,16,123,12,41.20679555607303
2020-10-27 17:00:00,37929,1993,1736,25222,234,26142,23,33,8,44.64302857109943
2020-10-28 17:00:00,39892,1963,1804,22947,140,27946,19,37,0,44.30575583375144
2020-10-29 17:00:00,41887,1995,1766,25164,214,29712,15,117,2,44.66542286825459
2020-10-30 17:00:00,44133,2246,2035,25404,194,31747,17,87,7,47.391982444291145
2020-10-31 17:00:00,46422,2289,2159,25767,108,33906,22,71,7,47.843494855622744
2020-11-01 17:00:00,48773,2351,2200,22942,132,36106,19,111,3,48.48711168960263
2020-11-02 17:00:00,50632,1859,1677,19574,159,37783,23,-23,0,43.116122274620196
2020-11-03 17:00:00,52841,2209,1946,25481,242,39729,21,160,12,47.0
2020-11-04 17:00:00,55273,2432,2154,26612,244,41883,34,125,20,49.31531202375181
2020-11-05 17:00:00,58008,2735,2407,30283,293,44290,35,191,5,52.29722745997153
2020-11-06 17:00:00,60707,2699,2394,28744,279,46684,26,3,12,51.95190083144215
2020-11-07 17:00:00,63325,2618,2352,30644,239,49036,27,108,3,51.16639522186413
2020-11-08 17:00:00,65814,2489,2342,24486,131,51378,16,67,0,49.889878733065686
2020-11-09 17:00:00,67967,2153,1896,22518,241,53274,16,75,0,46.400431032480725
2020-11-10 17:00:00,70575,2608,2315,29315,257,55589,36,24,20,51.068581339214816
2020-11-11 17:00:00,73054,2479,1994,26554,447,57583,38,128,-2,49.78955713801841
2020-11-12 17:00:00,75740,2686,2336,29119,301,59919,49,40,4,51.82663407939975
2020-11-13 17:00:00,78665,2925,2480,28309,411,62399,34,65,1,54.08326913195984
2020-11-14 17:00:00,81662,2997,2559,29822,399,64958,39,58,13,54.74486277268398
2020-11-15 17:00:00,84274,2612,2351,22434,240,67309,21,83,1,51.10772935672255
2020-11-16 17:00:00,86681,2407,1961,19699,412,69270,34,-60,4,49.06118628814432
2020-11-17 17:00:00,89219,2538,1985,25058,494,71255,59,-33,30,50.37856687124
2020-11-18 17:00:00,92085,2866,2236,26869,550,73491,80,-10,10,53.53503525729669
2020-11-19 17:00:00,94782,2697,2050,27519,586,75541,61,47,11,51.93264869039514
2020-11-20 17:00:00,97449,2667,2205,26887,421,77746,41,99,8,51.64300533470143
2020-11-21 17:00:00,100107,2658,2130,30046,491,79876,37,55,0,51.55579501860097
2020-11-22 17:00:00,102640,2533,2177,24643,336,82053,20,41,2,50.32891812864648
2020-11-23 17:00:00,104981,2341,1836,20324,457,83889,48,53,-4,48.38388161361178
2020-11-24 17:00:00,107490,2509,1907,27951,540,85796,62,10,10,50.08991914547278
2020-11-25 17:00:00,109592,2102,769,29189,1275,86565,58,-13,4,45.8475735453906
2020-11-26 17:00:00,111852,2260,738,25908,1453,87303,69,60,3,47.53945729601885
2020-11-27 17:00:00,114128,2276,631,24296,1576,87934,69,-1,3,47.70744176750625
2020-11-28 17:00:00,116198,2070,1328,28493,717,89262,25,-55,1,45.4972526643093
2020-11-29 17:00:00,118191,1993,450,22913,1524,89712,19,6,-1,44.64302857109943
2020-11-30 17:00:00,119780,1589,489,20008,1061,90201,39,26,-5,39.8622628559895
2020-12-01 17:00:00,121449,1669,737,26784,868,90938,64,-143,2,40.85339643163099
2020-12-02 17:00:00,123240,1791,966,24689,780,91904,45,41,-2,42.320207938997655
2020-12-03 17:00:00,125009,1769,975,22793,756,92879,38,-49,14,42.05948168962618
2020-12-04 17:00:00,126840,1831,958,22946,811,93837,62,-55,-4,42.790185790669334
2020-12-05 17:00:00,128623,1783,-358,20919,2109,93479,32,-103,-11,42.22558466143482
2020-12-06 17:00:00,130255,1632,732,19513,886,94211,14,61,-9,40.39801975344831
2020-12-07 17:00:00,131627,1372,-697,15916,2023,93514,46,73,0,37.04051835490427
2020-12-08 17:00:00,133128,1501,495,16935,973,94009,33,-118,1,38.742741255621034
2020-12-09 17:00:00,134425,1297,-191,13724,1455,93818,33,18,1,36.013886210738214
2020-12-10 17:00:00,135913,1488,-3051,15916,4471,90767,68,-73,-3,38.57460304397182
2020-12-11 17:00:00,137143,1230,-2574,14917,3736,88193,68,-10,0,35.07135583350036
2020-12-12 17:00:00,138337,1194,-875,16086,2028,87318,41,-57,-2,34.55430508634199
2020-12-13 17:00:00,139676,1339,-709,14815,2021,86609,27,-32,4,36.59234892706397
2020-12-14 17:00:00,140991,1315,-760,13565,2037,85849,38,1,6,36.26292872893749
2020-12-15 17:00:00,142150,1159,-1628,15612,2704,84221,83,-17,-26,34.044089061098404
2020-12-16 17:00:00,143370,1220,-2954,15705,4134,81267,40,-52,-16,34.92849839314596
2020-12-17 17:00:00,144967,1597,-2637,15906,4177,78630,57,-9,6,39.96248240537617
2020-12-18 17:00:00,146395,1428,-1471,15984,2825,77159,74,-80,-1,37.78888725538237
2020-12-19 17:00:00,147805,1410,-570,15052,1939,76589,41,-7,-4,37.54996671103717
2020-12-20 17:00:00,149018,1213,191,13581,1001,76780,21,11,0,34.828149534535996
2020-12-21 17:00:00,150223,1205,-288,12237,1451,76492,42,-64,1,34.713109915419565
2020-12-22 17:00:00,151511,1288,-543,12982,1775,75949,56,0,-15,35.888716889852724
2020-12-23 17:00:00,152457,946,-247,12892,1149,75702,44,20,-6,30.757112998459398
2020-12-24 17:00:00,153976,1519,-211,15313,1706,75491,24,-50,7,38.97435053981015
2020-12-25 17:00:00,155667,1691,583,16516,1077,76074,31,-24,-3,41.12177038990418
2020-12-26 17:00:00,156790,1123,220,10594,879,76294,24,76,7,33.51119216023208
2020-12-27 17:00:00,157767,977,144,9815,817,76438,16,60,4,31.25699921617557
2020-12-28 17:00:00,158733,966,-368,9414,1287,76070,47,18,6,31.080540535840107
2020-12-29 17:00:00,159951,1218,-1385,11196,2549,74685,54,34,-2,34.899856733230294
2020-12-30 17:00:00,161284,1333,-222,13678,1489,74463,66,-46,-2,36.51027252705737
2020-12-31 17:00:00,163051,1767,710,16301,984,75173,73,-19,0,42.035699113967404
2021-01-01 17:00:00,164964,1913,1188,14480,702,76361,23,-37,2,43.73785545725808
2021-01-02 17:00:00,166239,1275,87,9686,1164,76448,24,40,10,35.70714214271425
2021-01-03 17:00:00,167920,1681,705,11892,952,77153,24,32,-6,41.0
2021-01-04 17:00:00,169254,1334,-76,9759,1387,77077,23,28,9,36.52396473549935
2021-01-05 17:00:00,170973,1719,231,13132,1416,77308,72,17,-10,41.46082488325576
2021-01-06 17:00:00,172980,2007,458,15417,1512,77766,37,-26,-2,44.799553569204235
2021-01-07 17:00:00,174759,1779,157,12339,1579,77923,43,39,4,42.17819341792628
2021-01-08 17:00:00,176372,1613,-68,12614,1636,77855,45,-11,-1,40.162171256046406
2021-01-09 17:00:00,177915,1543,314,11982,1175,78169,54,-47,1,39.28103868280471
2021-01-10 17:00:00,179661,1746,616,11706,1113,78785,17,26,13,41.78516483155236
2021-01-11 17:00:00,180915,1254,96,10501,1113,78881,45,37,-2,35.41186241925155
2021-01-12 17:00:00,182296,1381,-294,13201,1633,78587,42,-16,5,37.16180835212409
2021-01-13 17:00:00,183908,1612,-364,13678,1935,78223,41,21,-13,40.149719799769464
2021-01-14 17:00:00,185724,1816,-243,14005,2012,77980,47,-78,-18,42.61455150532503
2021-01-15 17:00:00,187118,1394,-225,28242,1583,77755,36,-34,4,37.33630940518894
2021-01-16 17:00:00,188400,1282,-379,29848,1625,77376,36,12,-13,35.805027579936315
2021-01-17 17:00:00,189643,1243,134,23443,1088,77510,21,-26,10,35.25620512760839
2021-01-18 17:00:00,190515,872,-165,15204,1021,77345,16,119,19,29.5296461204668
2021-01-19 17:00:00,191615,1100,-2109,36301,3150,75236,59,-117,-10,33.166247903554
2021-01-20 17:00:00,192896,1281,-2047,28995,3267,73189,61,-33,-17,35.79106033634656
2021-01-21 17:00:00,194199,1303,-504,26408,1771,72685,36,-82,-8,36.09709129556009
2021-01-22 17:00:00,195340,1141,-1239,26992,2327,71446,53,20,9,33.77869150810907
2021-01-23 17:00:00,196637,1297,-1180,30588,2435,70266,42,-97,-6,36.013886210738214
2021-01-24 17:00:00,197693,1056,-881,24756,1921,69385,16,-32,3,32.49615361854384
2021-01-25 17:00:00,198567,874,-1724,20627,2558,67661,40,16,1,29.563490998188964
2021-01-26 17:00:00,199606,1039,-1529,29453,2525,66132,43,-16,-4,32.2335229225724
2021-01-27 17:00:00,200944,1338,-1229,28290,2505,64903,62,-36,0,36.578682316343766
2021-01-28 17:00:00,202207,1263,-261,30926,1481,64642,43,-50,6,35.53871128783372
2021-01-29 17:00:00,203367,1160,-405,27364,1517,64237,48,-20,0,34.058772731852805
2021-01-30 17:00:00,204505,1138,-442,30386,1553,63795,27,-31,-7,33.734255586866
2021-01-31 17:00:00,205448,943,-594,23198,1498,63201,39,-19,2,30.708305065568176
2021-02-01 17:00:00,206165,717,-1711,13099,2390,61490,38,-15,4,26.77685567799177
2021-02-02 17:00:00,207007,842,-717,23066,1507,60773,52,-37,1,29.017236257093817
2021-02-03 17:00:00,208171,1164,-1004,27558,2119,59769,49,14,-10,34.11744421846396
2021-02-04 17:00:00,209345,1174,-1743,34640,2875,58026,42,-42,-6,34.26368339802363
2021-02-05 17:00:00,210486,1141,-1205,29961,2310,56821,36,-44,-1,33.77869150810907
2021-02-06 17:00:00,211500,1014,-378,27839,1354,56443,38,9,-2,31.843366656181317
2021-02-07 17:00:00,212420,920,-3085,22166,3985,53358,20,-41,-6,30.331501776206203
2021-02-08 17:00:00,213202,782,-3808,14304,4558,49550,32,16,8,27.964262908219126
2021-02-09 17:00:00,214049,847,-2504,29609,3318,47046,33,9,-4,29.103264421710495
2021-02-10 17:00:00,215076,1027,-2212,28041,3188,44834,51,-24,-8,32.046840717924134
2021-02-11 17:00:00,216347,1271,-1690,30209,2930,43144,31,-73,-3,35.651086939951774
2021-02-12 17:00:00,217436,1089,-1751,29630,2806,41393,34,-20,-1,33.0
2021-02-13 17:00:00,218496,1060,-771,30188,1810,40622,21,-19,0,32.55764119219941
2021-02-14 17:00:00,219305,809,-1033,23091,1831,39589,11,-29,3,28.442925306655784
2021-02-15 17:00:00,220065,760,-1159,15654,1885,38430,34,-2,-5,27.568097504180443
2021-02-16 17:00:00,220959,894,-1169,31499,2031,37261,32,-25,-1,29.899832775452108
2021-02-17 17:00:00,221830,871,-654,28438,1470,36607,55,-21,-14,29.512709126747414
2021-02-18 17:00:00,222855,1025,-969,29941,1953,35638,41,-99,-7,32.01562118716424
2021-02-19 17:00:00,223845,990,-30,28867,982,35608,38,-20,-1,31.464265445104548
2021-02-20 17:00:00,224766,921,-162,31269,1051,35446,32,-42,-3,30.347981810987037
2021-02-21 17:00:00,225814,1048,-7,24642,1040,35439,15,-24,6,32.37282811247729
