data,totale_casi,positivi,netto_positivi,tamponi,guariti,totale_positivi,morti,sintomi,intensiva,delta_positivi
2020-10-01 17:00:00,7274,156,70,6637,85,2936,1,6,1,12.489995996796797
2020-10-02 17:00:00,7414,140,112,5552,26,3048,2,-4,1,11.832159566199232
2020-10-03 17:00:00,7596,182,123,6638,56,3171,3,19,-1,13.490737563232042
2020-10-04 17:00:00,7681,85,76,3498,7,3247,2,7,4,9.219544457292887
2020-10-05 17:00:00,7809,128,111,2656,15,3358,2,32,4,11.313708498984761
2020-10-06 17:00:00,8007,198,90,6754,107,3448,1,7,0,14.071247279470288
2020-10-07 17:00:00,8220,213,101,6579,108,3549,4,7,2,14.594519519326424
2020-10-08 17:00:00,8479,259,147,7374,109,3696,3,1,3,16.09347693943108
2020-10-09 17:00:00,8712,233,205,7151,24,3901,4,0,2,15.264337522473747
2020-10-10 17:00:00,8997,285,242,7741,41,4143,2,11,0,16.881943016134134
2020-10-11 17:00:00,9294,297,258,4509,38,4401,1,1,3,17.233687939614086
2020-10-12 17:00:00,9592,298,281,3892,14,4682,3,16,4,17.26267650163207
2020-10-13 17:00:00,9926,334,195,8340,137,4877,2,22,2,18.275666882497067
2020-10-14 17:00:00,10292,366,310,7021,54,5187,2,21,5,19.131126469708992
2020-10-15 17:00:00,10691,399,300,7444,92,5487,7,21,3,19.974984355438178
2020-10-16 17:00:00,11269,578,447,7709,121,5934,10,3,6,24.041630560342615
2020-10-17 17:00:00,11744,475,347,5739,126,6281,2,8,3,21.79449471770337
2020-10-18 17:00:00,12292,548,509,6390,36,6790,3,14,9,23.40939982143925
2020-10-19 17:00:00,12654,362,229,3252,130,7019,3,28,2,19.026297590440446
2020-10-20 17:00:00,13228,574,478,8131,86,7497,10,21,5,23.958297101421877
2020-10-21 17:00:00,13790,562,353,7412,198,7850,11,23,6,23.706539182259394
2020-10-22 17:00:00,14586,796,690,7732,98,8540,8,23,6,28.21347195933177
2020-10-23 17:00:00,15316,730,596,8015,123,9136,11,5,0,27.018512172212592
2020-10-24 17:00:00,16202,886,753,7147,124,9889,9,13,1,29.765752132274432
2020-10-25 17:00:00,16897,695,666,5193,18,10555,11,36,5,26.362852652928137
2020-10-26 17:00:00,17465,568,390,4976,167,10945,11,35,3,23.83275057562597
2020-10-27 17:00:00,18325,860,789,7324,61,11734,10,50,5,29.32575659723036
2020-10-28 17:00:00,19033,708,454,7499,244,12188,10,60,8,26.60826939130014
2020-10-29 17:00:00,19822,789,557,7226,219,12745,13,52,4,28.089143810376278
2020-10-30 17:00:00,20806,984,819,7293,153,13564,12,56,2,31.368774282716245
2020-10-31 17:00:00,21758,952,878,8106,56,14442,18,67,5,30.854497241083024
2020-11-01 17:00:00,22853,1095,882,8547,197,15324,16,37,10,33.090784215548595
2020-11-02 17:00:00,23877,1024,740,8034,266,16064,18,26,10,32.0
2020-11-03 17:00:00,24925,1048,742,8015,292,16806,14,47,8,32.37282811247729
2020-11-04 17:00:00,26080,1155,812,9376,324,17618,19,33,-2,33.98529093593286
2020-11-05 17:00:00,27402,1322,908,9497,389,18526,25,42,9,36.359317925395686
2020-11-06 17:00:00,28825,1423,987,9525,402,19513,34,10,2,37.72267222772003
2020-11-07 17:00:00,30188,1363,1224,8431,104,20737,35,4,10,36.91882988394946
2020-11-08 17:00:00,31271,1083,730,6894,340,21467,13,89,8,32.90896534380867
2020-11-09 17:00:00,32294,1023,472,8458,524,21939,27,53,10,31.984371183438952
2020-11-10 17:00:00,33495,1201,893,8856,276,22832,32,45,8,34.655446902326915
2020-11-11 17:00:00,34982,1487,732,9839,728,23564,27,28,7,38.561638969317684
2020-11-12 17:00:00,36674,1692,1350,9455,302,24914,40,15,3,41.13392760240627
2020-11-13 17:00:00,38381,1707,1372,10217,300,26286,35,59,5,41.31585652022719
2020-11-14 17:00:00,40110,1729,1520,9274,186,27806,23,12,5,41.58124577258358
2020-11-15 17:00:00,41532,1422,1001,7416,385,28807,36,14,2,37.70941526992961
2020-11-16 17:00:00,42993,1461,958,8151,467,29765,36,25,7,38.22302970723278
2020-11-17 17:00:00,44691,1698,991,10774,668,30756,39,4,3,41.20679555607303
2020-11-18 17:00:00,46528,1837,1346,9479,447,32102,44,23,13,42.86023798347368
2020-11-19 17:00:00,48399,1871,1479,11470,352,33581,40,4,0,43.255057507764334
2020-11-20 17:00:00,50033,1634,1175,10020,416,34756,43,5,2,40.422765862815474
2020-11-21 17:00:00,51871,1838,1485,9386,310,36241,43,31,0,42.871902220452036
2020-11-22 17:00:00,53129,1258,921,6447,292,37162,45,29,-1,35.4682957019364
2020-11-23 17:00:00,54378,1249,751,7712,457,37913,41,7,2,35.34119409414458
2020-11-24 17:00:00,55684,1306,286,9963,972,38199,48,-3,0,36.138621999185304
2020-11-25 17:00:00,57001,1317,121,11433,1149,38320,47,-27,7,36.29049462324811
2020-11-26 17:00:00,58769,1768,188,11500,1531,38508,49,-29,3,42.04759208325728
2020-11-27 17:00:00,60335,1566,575,10635,944,39083,47,-6,-3,39.57271787481876
2020-11-28 17:00:00,61524,1189,799,8777,347,39882,43,-20,-3,34.48187929913333
2020-11-29 17:00:00,62548,1024,602,8965,377,40484,45,3,-6,32.0
2020-11-30 17:00:00,63686,1138,140,8602,949,40624,49,25,-15,33.734255586866
2020-12-01 17:00:00,65085,1399,106,10773,1259,40730,34,-30,-6,37.403208418530085
2020-12-02 17:00:00,66568,1483,-999,11536,2455,39731,27,-23,0,38.50973902793941
2020-12-03 17:00:00,67862,1294,49,10581,1211,39780,34,-29,1,35.9722114972099
2020-12-04 17:00:00,69227,1365,-430,10026,1756,39350,39,-34,-5,36.945906403822335
2020-12-05 17:00:00,70467,1240,190,10875,1016,39540,34,-31,-1,35.21363372331802
2020-12-06 17:00:00,71489,1022,206,8132,780,39746,36,-33,-2,31.96873472629156
2020-12-07 17:00:00,72407,918,500,8386,384,40246,34,20,-8,30.298514815086232
2020-12-08 17:00:00,73555,1148,-691,9966,1803,39555,36,-13,-6,33.88214869219483
2020-12-09 17:00:00,74308,753,-908,7013,1627,38647,34,0,-1,27.440845468024488
2020-12-10 17:00:00,75367,1059,-1678,9526,2705,36969,32,-32,-1,32.54228019054596
2020-12-11 17:00:00,76366,999,-559,9534,1530,36410,28,-62,0,31.606961258558215
2020-12-12 17:00:00,77382,1016,-649,9059,1642,35761,23,-37,-1,31.874754901018456
2020-12-13 17:00:00,78190,808,-42,7094,829,35719,21,-17,2,28.42534080710379
2020-12-14 17:00:00,79104,914,122,7091,760,35841,32,11,-9,30.23243291566195
2020-12-15 17:00:00,80191,1087,128,9086,928,35969,31,-12,-4,32.96968304366907
2020-12-16 17:00:00,81256,1065,-793,9974,1829,35176,29,-37,-2,32.63433774416144
2020-12-17 17:00:00,82128,872,-488,9353,1332,34688,28,-57,-4,29.5296461204668
2020-12-18 17:00:00,82859,731,-823,8109,1532,33865,22,-40,3,27.03701166919155
2020-12-19 17:00:00,83737,878,-22,7237,878,33843,22,-20,-8,29.631064780058107
2020-12-20 17:00:00,84529,792,40,7109,728,33883,24,5,4,28.142494558940577
2020-12-21 17:00:00,85198,669,20,6216,623,33903,26,10,3,25.865034312755125
2020-12-22 17:00:00,86092,894,-411,8689,1283,33492,22,-27,-5,29.899832775452108
2020-12-23 17:00:00,87024,932,122,9264,800,33614,10,-31,0,30.528675044947494
2020-12-24 17:00:00,87877,853,-234,8135,1061,33380,26,-20,-3,29.206163733020468
2020-12-25 17:00:00,88597,720,-148,6472,851,33232,17,-13,1,26.832815729997478
2020-12-26 17:00:00,88934,337,58,4038,252,33290,27,19,-4,18.35755975068582
2020-12-27 17:00:00,89616,682,-123,5630,790,33167,15,13,4,26.115129714401192
2020-12-28 17:00:00,90266,650,79,5693,543,33246,28,37,1,25.495097567963924
2020-12-29 17:00:00,91261,995,163,8807,806,33409,26,29,-6,31.54362059117501
2020-12-30 17:00:00,92345,1084,-22,8497,1077,33387,29,-8,-3,32.92415526630866
2020-12-31 17:00:00,93644,1299,481,7308,787,33868,31,-16,5,36.0416425818802
2021-01-01 17:00:00,94766,1122,479,7497,615,34347,28,4,5,33.49626844888845
2021-01-02 17:00:00,95500,734,603,5093,103,34950,28,17,10,27.09243436828813
2021-01-03 17:00:00,96547,1047,641,6319,380,35591,26,47,-2,32.357379374726875
2021-01-04 17:00:00,97938,1391,987,7597,370,36578,34,44,2,37.296112397943034
2021-01-05 17:00:00,99514,1576,848,9537,692,37426,36,17,4,39.698866482558415
2021-01-06 17:00:00,101206,1692,313,9767,1350,37739,29,-8,4,41.13392760240627
2021-01-07 17:00:00,102641,1435,966,8572,433,38705,36,38,2,37.881393849751625
2021-01-08 17:00:00,104483,1842,967,10587,840,39672,35,18,4,42.91852746774987
2021-01-09 17:00:00,106322,1839,726,10427,1082,40398,31,10,5,42.883563284783136
2021-01-10 17:00:00,108055,1733,1108,8736,592,41506,33,9,3,41.6293165929973
2021-01-11 17:00:00,109642,1587,1313,8698,237,42819,37,33,0,39.83716857408418
