data,totale_casi,positivi,netto_positivi,tamponi,guariti,totale_positivi,morti,sintomi,intensiva,delta_positivi
2020-10-01 17:00:00,27896,445,233,18274,207,3965,5,7,3,21.095023109728988
2020-10-02 17:00:00,28087,191,62,18637,123,4027,6,-13,-2,13.820274961085254
2020-10-03 17:00:00,28363,276,85,19891,187,4112,4,7,-1,16.61324772583615
2020-10-04 17:00:00,28624,261,123,12817,137,4235,1,4,-1,16.15549442140351
2020-10-05 17:00:00,28854,230,166,6986,64,4401,0,4,0,15.165750888103101
2020-10-06 17:00:00,29043,189,125,10093,60,4526,4,26,-5,13.74772708486752
2020-10-07 17:00:00,29418,375,228,15164,145,4754,2,6,1,19.364916731037084
2020-10-08 17:00:00,29909,491,329,16958,156,5083,6,-1,3,22.15851980616034
2020-10-09 17:00:00,30504,595,391,14325,201,5474,3,-5,2,24.392621835300936
2020-10-10 17:00:00,31065,561,358,14996,196,5832,7,23,-1,23.68543856465402
2020-10-11 17:00:00,31503,438,256,11140,180,6088,2,7,4,20.92844953645635
2020-10-12 17:00:00,31831,328,201,6348,126,6289,1,6,5,18.110770276274835
2020-10-13 17:00:00,32316,485,366,4052,112,6655,7,28,4,22.02271554554524
2020-10-14 17:00:00,32973,657,527,21095,130,7182,0,-1,2,25.632011235952593
2020-10-15 17:00:00,33573,600,426,19024,163,7608,11,8,5,24.49489742783178
2020-10-16 17:00:00,34277,704,530,7368,167,8138,7,20,0,26.5329983228432
2020-10-17 17:00:00,35051,774,602,14156,169,8740,3,29,3,27.820855486487112
2020-10-18 17:00:00,35851,800,685,10285,106,9425,9,50,1,28.284271247461902
2020-10-19 17:00:00,36353,502,420,4426,83,9845,-1,18,0,22.40535650240808
2020-10-20 17:00:00,36843,490,411,8126,66,10256,13,63,7,22.135943621178654
2020-10-21 17:00:00,38265,1422,1177,19627,231,11433,14,-20,5,37.70941526992961
2020-10-22 17:00:00,39590,1325,1175,14440,131,12608,19,61,3,36.40054944640259
2020-10-23 17:00:00,41140,1550,1426,16277,117,14034,7,15,5,39.370039370059054
2020-10-24 17:00:00,42869,1729,1587,17461,133,15621,9,33,4,41.58124577258358
2020-10-25 17:00:00,44337,1468,1351,12061,105,16972,12,37,3,38.31448812133603
2020-10-26 17:00:00,45466,1129,1075,7745,51,18047,3,27,5,33.60059523282288
2020-10-27 17:00:00,46992,1526,1470,13688,44,19517,12,52,7,39.06404996924922
2020-10-28 17:00:00,49135,2143,2083,16083,49,21600,11,44,7,46.292547996410825
2020-10-29 17:00:00,51244,2109,2026,12729,67,23626,16,51,7,45.92385001282014
2020-10-30 17:00:00,54256,3012,2921,21799,74,26547,17,18,20,54.881690936048976
2020-10-31 17:00:00,56953,2697,2632,18117,52,29179,13,24,6,51.93264869039514
2020-11-01 17:00:00,59253,2300,2235,14172,48,31414,17,31,9,47.958315233127195
2020-11-02 17:00:00,60797,1544,1519,7831,16,32933,9,41,4,39.293765408777
2020-11-03 17:00:00,63095,2298,2233,11522,34,35166,31,138,6,47.93745925682754
2020-11-04 17:00:00,65531,2436,2370,19131,46,37536,20,65,7,49.35585071701227
2020-11-05 17:00:00,68795,3264,3183,16485,43,40719,38,86,15,57.1314274283428
2020-11-06 17:00:00,72092,3297,3218,20005,52,43937,27,22,5,57.41950887982237
2020-11-07 17:00:00,75907,3815,3720,19420,70,47657,25,116,7,61.765686266729034
2020-11-08 17:00:00,79269,3362,3313,11423,43,50970,6,55,9,57.982756057296896
2020-11-09 17:00:00,81492,2223,2192,14026,10,53162,21,109,10,47.148700936505136
2020-11-10 17:00:00,84255,2763,-2912,16778,5627,50250,48,132,9,52.5642464038057
2020-11-11 17:00:00,87337,3082,1985,14843,1051,52235,46,73,4,55.51576352712804
2020-11-12 17:00:00,90901,3564,2520,17211,1006,54755,38,94,5,59.6992462263972
2020-11-13 17:00:00,94506,3605,2533,17644,1035,57288,37,68,6,60.0416522091123
2020-11-14 17:00:00,98084,3578,2417,18404,1109,59705,52,38,9,59.81638571495272
2020-11-15 17:00:00,100876,2792,1801,15122,962,61506,29,65,13,52.839379254491625
2020-11-16 17:00:00,102842,1966,1192,9357,752,62698,22,51,11,44.339598554790726
2020-11-17 17:00:00,105966,3124,373,18539,2651,63071,100,-5,14,55.89275444992848
2020-11-18 17:00:00,108938,2972,1235,16921,1685,64306,52,99,8,54.516052681756044
2020-11-19 17:00:00,112691,3753,2276,17420,1439,66582,38,42,5,61.26173356998641
2020-11-20 17:00:00,116159,3468,2105,15966,1297,68687,66,49,-12,58.88972745734183
2020-11-21 17:00:00,119726,3567,2060,18111,1440,70747,67,30,8,59.724366886556446
2020-11-22 17:00:00,122682,2956,1709,13395,1216,72456,31,11,6,54.36910887627275
2020-11-23 17:00:00,125222,2540,1271,11148,1232,73727,37,69,9,50.39841267341661
2020-11-24 17:00:00,127416,2194,-373,15205,2472,73354,95,56,10,46.84015371452148
2020-11-25 17:00:00,130076,2660,1784,16297,800,75138,76,86,5,51.57518783291051
2020-11-26 17:00:00,134056,3980,14,19146,3894,75152,72,25,-1,63.08724118235002
2020-11-27 17:00:00,137474,3418,1736,16870,1622,76888,60,-7,-1,58.463663928973865
2020-11-28 17:00:00,140972,3498,1684,18307,1731,78572,83,214,6,59.14389233048498
2020-11-29 17:00:00,143589,2617,1139,13241,1445,79711,33,-212,2,51.15662224971465
2020-11-30 17:00:00,145592,2003,954,8985,1015,80665,34,18,9,44.75488800120049
2020-12-01 17:00:00,148127,2535,332,13659,2096,80997,107,67,-19,50.34878350069642
2020-12-02 17:00:00,150909,2782,-12205,14847,14918,68792,69,-8,7,52.744667976962376
2020-12-03 17:00:00,154490,3581,1811,21636,1675,70603,95,-18,-1,59.841457201508724
2020-12-04 17:00:00,158198,3708,2326,12993,1299,72929,83,-24,2,60.89334939055332
2020-12-05 17:00:00,161805,3607,2029,16386,1470,74958,108,12,3,60.05830500438719
2020-12-06 17:00:00,165249,3444,1846,14418,1561,76804,37,19,-4,58.68560300448484
2020-12-07 17:00:00,167799,2550,1497,9263,1002,78301,51,21,9,50.49752469181039
2020-12-08 17:00:00,170944,3145,1447,15589,1585,79748,113,0,2,56.08029957123981
2020-12-09 17:00:00,173371,2427,1270,10798,1128,81018,29,22,0,49.26459174701441
2020-12-10 17:00:00,177568,4197,2119,20117,1930,83137,148,55,11,64.78425734698207
2020-12-11 17:00:00,181451,3883,1956,16300,1819,85093,108,-40,19,62.313722405261586
2020-12-12 17:00:00,186549,5098,3039,24186,1949,88132,110,43,-4,71.40028011149536
2020-12-13 17:00:00,190641,4092,2567,15950,1493,90699,32,-3,-5,63.968742366877905
2020-12-14 17:00:00,193470,2829,1829,9228,974,92528,26,40,5,53.1883445878888
2020-12-15 17:00:00,196790,3320,162,16880,2993,92690,165,48,1,57.619441163551734
2020-12-16 17:00:00,200607,3817,1535,20103,2205,94225,77,4,1,61.78187436457395
2020-12-17 17:00:00,205009,4402,1554,19576,2756,95779,92,3,5,66.34756966159348
2020-12-18 17:00:00,209220,4211,2235,18801,1869,98014,107,-14,-13,64.89221833163049
2020-12-19 17:00:00,213054,3834,-198,22554,3918,97816,114,-91,0,61.91930232165088
2020-12-20 17:00:00,216923,3869,2273,13503,1544,100089,52,31,0,62.20128616033595
2020-12-21 17:00:00,219506,2583,1385,10073,1151,101474,47,22,6,50.82322303829225
2020-12-22 17:00:00,222588,3082,1104,16322,1828,102578,150,23,4,55.51576352712804
2020-12-23 17:00:00,225945,3357,748,20593,2493,103326,116,-12,1,57.9396237474839
2020-12-24 17:00:00,229782,3837,696,22914,3029,104022,112,-30,1,61.94352266379432
2020-12-25 17:00:00,234792,5010,-16637,13776,21553,87385,94,-48,-5,70.78135347674555
2020-12-26 17:00:00,237315,2523,1457,17720,1033,88842,33,7,9,50.22947341949744
2020-12-27 17:00:00,240652,3337,1179,12851,2106,90021,52,37,5,57.766772456144714
2020-12-28 17:00:00,243434,2782,921,10845,1792,90942,69,70,-5,52.744667976962376
2020-12-29 17:00:00,246089,2655,-577,15641,3041,90365,191,-18,11,51.526692111953004
2020-12-30 17:00:00,249075,2986,-342,17849,3216,90023,112,33,-8,54.644304369257
2020-12-31 17:00:00,253875,4800,1050,24177,3621,91073,129,-13,3,69.2820323027551
2021-01-01 17:00:00,258680,4805,1509,21595,3206,92582,90,-41,11,69.31810730249349
2021-01-02 17:00:00,261845,3165,1539,11768,1580,94121,46,11,0,56.25833271614081
2021-01-03 17:00:00,265264,3419,1038,14164,2293,95159,88,20,-7,58.47221562417487
2021-01-04 17:00:00,266946,1682,-203,8134,1835,94956,50,18,3,41.012193308819754
2021-01-05 17:00:00,270097,3151,-728,17734,3704,94228,175,-12,-7,56.133768802744754
2021-01-06 17:00:00,273735,3638,-2929,21386,6441,91299,126,-82,-18,60.315835400000886
2021-01-07 17:00:00,277331,3596,877,17243,2676,92176,43,-18,16,59.9666574022598
2021-01-08 17:00:00,280719,3388,-1226,17722,4508,90950,106,-45,-2,58.20652884342099
2021-01-09 17:00:00,283819,3100,-1499,20779,4517,89451,82,-9,-8,55.67764362830022
2021-01-10 17:00:00,285986,2167,-638,14586,2761,88813,44,45,6,46.551047249229526
2021-01-11 17:00:00,287701,1715,-1273,11001,2950,87540,38,-3,3,41.41255848169731
2021-01-12 17:00:00,289835,2134,-2815,15867,4783,84725,166,14,1,46.195237849804386
2021-01-13 17:00:00,291719,1884,-2755,19063,4548,81970,91,-45,-23,43.40506882842141
2021-01-14 17:00:00,293795,2076,-2145,14904,4120,79825,101,-104,-8,45.56314299957807
2021-01-15 17:00:00,294874,1079,-4472,57842,5477,75353,74,-61,-1,32.848135411313685
2021-01-16 17:00:00,296803,1929,-2982,36262,4838,72371,73,-69,11,43.9203825119955
2021-01-17 17:00:00,298172,1369,-1731,22706,3054,70640,46,-24,0,37.0
2021-01-18 17:00:00,299170,998,-1557,19795,2508,69083,47,-60,-2,31.591137997862628
2021-01-19 17:00:00,300127,957,-5912,43478,6707,63171,162,-69,-18,30.93541659651604
2021-01-20 17:00:00,301486,1359,-5702,44314,6992,57469,69,-68,-3,36.864617182333525
2021-01-21 17:00:00,302489,1003,-3912,35952,4807,53557,108,-105,-10,31.670175244226233
2021-01-22 17:00:00,303687,1198,-3707,43590,4830,49850,75,-56,-14,34.61213659975356
2021-01-23 17:00:00,304717,1030,-2309,49477,3247,47541,92,-92,-5,32.09361307176243
2021-01-24 17:00:00,305673,956,-1835,22393,2763,45706,28,-47,0,30.919249667480614
2021-01-25 17:00:00,306206,533,-1187,15554,1677,44519,43,-35,-2,23.08679276123039
2021-01-26 17:00:00,306952,746,-2732,40857,3385,41787,93,-19,-19,27.313000567495326
2021-01-27 17:00:00,309337,2385,-442,42855,2765,41345,62,-42,-7,48.83646178829912
2021-01-28 17:00:00,309909,572,-2381,32662,2901,38964,52,-101,-9,23.916521486202797
2021-01-29 17:00:00,310894,985,-1999,40820,2931,36965,53,-90,-9,31.38470965295043
2021-01-30 17:00:00,311686,792,-2288,57107,3020,34677,60,-71,-18,28.142494558940577
2021-01-31 17:00:00,312185,499,-732,21044,1222,33945,9,-8,-5,22.338307903688676
2021-02-01 17:00:00,312695,510,-125,11562,596,33820,39,-20,-3,22.58317958127243
2021-02-02 17:00:00,313316,621,-1776,39304,2321,32044,76,13,-21,24.919871588754223
2021-02-03 17:00:00,313945,629,-1684,39047,2256,30360,57,-117,-17,25.079872407968907
2021-02-04 17:00:00,314841,896,-1656,36294,2490,28704,62,-74,0,29.93325909419153
2021-02-05 17:00:00,315509,668,-778,31618,1421,27926,25,-38,-4,25.84569596664017
2021-02-06 17:00:00,316340,831,-709,37216,1477,27217,63,-71,-14,28.827070610799147
2021-02-07 17:00:00,316836,496,-247,17425,715,26970,28,-13,-5,22.271057451320086
2021-02-08 17:00:00,317278,442,-40,14669,464,26930,18,0,0,21.02379604162864
2021-02-09 17:00:00,317979,701,-600,34393,1236,26330,65,2,-6,26.476404589747453
2021-02-10 17:00:00,318807,828,-359,37348,1156,25971,31,-50,-11,28.77498913987632
2021-02-11 17:00:00,319515,708,-353,31277,1030,25618,31,-33,-1,26.60826939130014
2021-02-12 17:00:00,320271,756,-209,39581,931,25409,34,-27,-12,27.49545416973504
2021-02-13 17:00:00,320960,689,-480,33363,1140,24929,29,-60,-12,26.248809496813376
2021-02-14 17:00:00,321475,515,-115,17106,621,24814,9,-15,2,22.693611435820433
2021-02-15 17:00:00,321716,241,-4,8221,234,24810,11,2,-3,15.524174696260024
2021-02-16 17:00:00,322354,638,-557,35030,1153,24253,42,-36,-8,25.25866188063018
2021-02-17 17:00:00,322846,492,-875,39030,1297,23378,70,-18,-5,22.181073012818835
2021-02-18 17:00:00,323888,1042,-1392,33254,2404,21986,30,-45,1,32.28002478313795
2021-02-19 17:00:00,324545,657,-499,27341,1124,21487,32,-40,0,25.632011235952593
2021-02-20 17:00:00,325789,1244,300,44145,926,21787,18,-18,2,35.270384177096794
2021-02-21 17:00:00,326507,718,298,37790,409,22085,11,-8,2,26.795522013948524
2021-02-22 17:00:00,327016,509,199,10314,301,22284,9,8,1,22.561028345356956
2021-02-23 17:00:00,328078,1062,13,37605,1028,22297,21,34,2,32.58834147360065
2021-02-24 17:00:00,328973,895,35,39954,839,22332,21,-8,-2,29.916550603303182
2021-02-25 17:00:00,330277,1304,617,45743,659,22949,28,-5,3,36.11094017053558
2021-02-26 17:00:00,331451,1174,490,38483,661,23439,23,-9,0,34.26368339802363
2021-02-27 17:00:00,332736,1285,593,41303,669,24032,23,-8,1,35.84689665786984
2021-02-28 17:00:00,333647,911,487,20522,414,24519,10,5,5,30.18277654557314
2021-03-01 17:00:00,334250,603,391,10586,207,24910,5,25,0,24.55605831561735
2021-03-02 17:00:00,335478,1228,314,42712,892,25224,22,17,6,35.04283093587046
