data,totale_casi,positivi,netto_positivi,tamponi,guariti,totale_positivi,morti,sintomi,intensiva,delta_positivi
2020-10-01 17:00:00,4723,57,41,4312,16,759,0,1,-2,7.54983443527075
2020-10-02 17:00:00,4789,66,34,4683,30,793,2,-2,-2,8.12403840463596
2020-10-03 17:00:00,4840,51,35,3900,16,828,0,-1,3,7.14142842854285
2020-10-04 17:00:00,4890,50,23,2368,27,851,0,1,0,7.0710678118654755
2020-10-05 17:00:00,4911,21,17,1152,4,868,0,5,0,4.58257569495584
2020-10-06 17:00:00,4962,51,40,3048,9,908,2,1,0,7.14142842854285
2020-10-07 17:00:00,5034,72,37,5174,35,945,0,2,1,8.48528137423857
2020-10-08 17:00:00,5144,110,75,4953,35,1020,0,-3,0,10.488088481701515
2020-10-09 17:00:00,5290,146,121,4307,25,1141,0,0,0,12.083045973594572
2020-10-10 17:00:00,5416,126,103,4269,23,1244,0,0,0,11.224972160321824
2020-10-11 17:00:00,5513,97,79,1694,17,1323,1,-1,-1,9.848857801796104
2020-10-12 17:00:00,5572,59,49,1696,10,1372,0,0,0,7.681145747868608
2020-10-13 17:00:00,5610,38,32,2747,6,1404,0,5,5,6.164414002968976
2020-10-14 17:00:00,5792,182,150,6030,32,1554,0,1,1,13.490737563232042
2020-10-15 17:00:00,5928,136,93,5027,41,1647,2,4,0,11.661903789690601
2020-10-16 17:00:00,6093,165,152,5327,12,1799,1,13,1,12.84523257866513
2020-10-17 17:00:00,6260,167,140,4340,27,1939,0,4,1,12.922847983320086
2020-10-18 17:00:00,6415,155,142,2295,11,2081,2,7,1,12.449899597988733
2020-10-19 17:00:00,6505,90,87,1281,0,2168,3,6,-1,9.486832980505138
2020-10-20 17:00:00,6636,131,-236,3915,365,1932,2,3,1,11.445523142259598
2020-10-21 17:00:00,6855,219,174,4627,44,2106,1,11,2,14.798648586948742
2020-10-22 17:00:00,7075,220,119,5510,100,2225,1,7,-2,14.832396974191326
2020-10-23 17:00:00,7415,340,252,5301,87,2477,1,5,5,18.439088914585774
2020-10-24 17:00:00,7827,412,299,6521,110,2776,3,12,-3,20.29778313018444
2020-10-25 17:00:00,8161,334,251,3800,81,3027,2,12,7,18.275666882497067
2020-10-26 17:00:00,8495,334,258,3087,73,3285,3,7,4,18.275666882497067
2020-10-27 17:00:00,8736,241,160,4422,80,3445,1,20,4,15.524174696260024
2020-10-28 17:00:00,9142,406,287,5573,115,3732,4,7,4,20.149441679609886
2020-10-29 17:00:00,9610,468,376,5659,87,4108,5,6,-1,21.633307652783937
2020-10-30 17:00:00,10115,505,427,6017,71,4535,7,9,1,22.47220505424423
2020-10-31 17:00:00,10841,726,597,6262,126,5132,3,6,1,26.94438717061496
2020-11-01 17:00:00,11244,403,244,3740,158,5376,1,13,2,20.074859899884732
2020-11-02 17:00:00,11462,218,177,2557,36,5553,5,-1,-1,14.7648230602334
2020-11-03 17:00:00,11828,366,205,5233,153,5758,8,26,2,19.131126469708992
2020-11-04 17:00:00,12264,436,223,5033,210,5981,3,10,1,20.8806130178211
2020-11-05 17:00:00,12810,546,398,5445,139,6379,9,53,4,23.366642891095847
2020-11-06 17:00:00,13352,542,376,6552,154,6755,12,-8,0,23.280893453645632
2020-11-07 17:00:00,14224,872,605,8692,260,7360,7,26,1,29.5296461204668
2020-11-08 17:00:00,14728,504,281,4486,214,7641,9,15,0,22.44994432064365
2020-11-09 17:00:00,15048,320,191,2324,124,7832,5,18,1,17.88854381999832
2020-11-10 17:00:00,15530,482,9,6438,453,7841,20,17,1,21.95449840010015
2020-11-11 17:00:00,16102,572,324,6171,235,8165,13,10,-1,23.916521486202797
2020-11-12 17:00:00,16940,838,482,7529,347,8647,9,0,1,28.948229652260256
2020-11-13 17:00:00,17771,831,504,7121,319,9151,8,20,0,28.827070610799147
2020-11-14 17:00:00,18329,558,378,5271,170,9529,10,12,-2,23.62202362203543
2020-11-15 17:00:00,18937,608,398,4505,198,9927,12,23,-2,24.657656011875904
2020-11-16 17:00:00,19393,456,128,3411,310,10055,18,6,4,21.354156504062622
2020-11-17 17:00:00,19929,536,366,5926,160,10421,10,47,-3,23.15167380558045
2020-11-18 17:00:00,20725,796,333,7301,452,10754,11,16,5,28.21347195933177
2020-11-19 17:00:00,21922,1197,891,6680,293,11645,13,15,-1,34.597687784012386
2020-11-20 17:00:00,22940,1018,530,7522,460,12175,28,20,6,31.906112267087632
2020-11-21 17:00:00,23983,1043,582,7258,436,12757,25,4,1,32.29551052391029
2020-11-22 17:00:00,24658,675,294,6024,368,13051,13,36,1,25.98076211353316
2020-11-23 17:00:00,25035,377,154,2916,196,13205,27,20,-1,19.4164878389476
2020-11-24 17:00:00,25589,554,142,5864,386,13347,26,-4,-1,23.53720459187964
2020-11-25 17:00:00,26285,696,189,6910,491,13536,16,27,0,26.38181191654584
2020-11-26 17:00:00,27099,814,286,7626,502,13822,26,11,1,28.53068523537421
2020-11-27 17:00:00,27963,864,433,7284,396,14255,35,-5,0,29.393876913398138
2020-11-28 17:00:00,29395,1432,-259,15001,1666,13996,25,10,-2,37.841775856849004
2020-11-29 17:00:00,30075,680,313,3298,351,14309,16,16,4,26.076809620810597
2020-11-30 17:00:00,30650,575,206,6980,348,14515,21,13,-2,23.979157616563597
2020-12-01 17:00:00,31386,736,-47,6870,758,14468,25,4,7,27.129319932501073
2020-12-02 17:00:00,32198,812,225,7820,561,14693,26,15,-4,28.495613697550013
2020-12-03 17:00:00,32970,772,190,9970,530,14883,52,-23,1,27.784887978899608
2020-12-04 17:00:00,34010,1040,290,9370,714,15173,36,3,0,32.2490309931942
2020-12-05 17:00:00,34765,755,-109,7853,833,15064,31,8,-1,27.477263328068172
2020-12-06 17:00:00,35467,702,-33,6227,708,15031,27,12,1,26.49528259898354
2020-12-07 17:00:00,35826,359,-162,3981,497,14869,24,13,-1,18.947295321496416
2020-12-08 17:00:00,36484,658,8,6427,620,14877,30,-7,6,25.65151067676132
2020-12-09 17:00:00,37117,633,78,5190,522,14955,33,5,-1,25.15949125081825
2020-12-10 17:00:00,37789,672,-760,8356,1390,14195,42,-11,-1,25.92296279363144
2020-12-11 17:00:00,38632,843,40,8432,780,14235,23,-8,1,29.03446228191595
2020-12-12 17:00:00,39516,884,120,8444,736,14355,28,10,-4,29.732137494637012
2020-12-13 17:00:00,40089,573,-182,6785,737,14173,18,1,1,23.93741840717165
2020-12-14 17:00:00,40491,402,-85,3253,473,14088,14,5,-2,20.049937655763422
2020-12-15 17:00:00,41320,829,-149,9766,926,13939,52,-6,-2,28.792360097775937
2020-12-16 17:00:00,42099,779,-188,8826,927,13751,40,-20,-2,27.910571473905726
2020-12-17 17:00:00,42806,707,-530,9096,1210,13221,27,-4,3,26.589471600616662
2020-12-18 17:00:00,43559,753,530,7781,190,13751,33,-29,2,27.440845468024488
2020-12-19 17:00:00,44533,974,-271,10096,1236,13480,9,-7,-4,31.20897306865447
2020-12-20 17:00:00,45191,658,-218,6148,855,13262,21,8,0,25.65151067676132
2020-12-21 17:00:00,45435,244,-15,2358,244,13247,15,5,1,15.620499351813308
2020-12-22 17:00:00,45984,549,-31,7407,547,13216,33,-9,1,23.430749027719962
2020-12-23 17:00:00,45884,512,-941,6648,819,12275,22,-3,-1,22.627416997969522
2020-12-24 17:00:00,46715,831,-173,11435,989,12102,15,-13,0,28.827070610799147
2020-12-25 17:00:00,47299,584,-18,5835,582,12084,20,-10,-2,24.166091947189145
2020-12-26 17:00:00,47523,224,41,1864,168,12125,15,15,2,14.966629547095765
2020-12-27 17:00:00,47667,144,65,1287,64,12190,15,39,2,12.0
2020-12-28 17:00:00,47854,187,-78,1888,238,12112,27,19,-2,13.674794331177344
2020-12-29 17:00:00,48347,493,-335,7301,807,11777,21,10,4,22.20360331117452
2020-12-30 17:00:00,49150,803,-130,7930,918,11647,15,-14,-1,28.337254630609507
2020-12-31 17:00:00,50027,877,151,8263,711,11798,15,4,3,29.614185789921695
2021-01-01 17:00:00,50742,715,-45,7071,733,11753,27,2,1,26.739483914241877
2021-01-02 17:00:00,51101,359,94,2657,247,11847,18,5,0,18.947295321496416
2021-01-03 17:00:00,51301,200,-198,2211,378,11649,20,6,-2,14.142135623730951
2021-01-04 17:00:00,51582,281,44,2438,213,11693,24,5,2,16.76305461424021
2021-01-05 17:00:00,52270,688,101,7105,546,11794,41,-6,-4,26.229754097208
2021-01-06 17:00:00,52876,606,36,6380,537,11830,33,-8,3,24.61706725018234
2021-01-07 17:00:00,53943,671,535,6145,503,12365,29,12,2,25.903667693977237
2021-01-08 17:00:00,54576,633,211,6437,394,12576,28,10,0,25.15949125081825
2021-01-09 17:00:00,55591,1015,314,8424,687,12890,14,19,-2,31.85906464414798
2021-01-10 17:00:00,56233,642,-5,4573,625,12885,22,13,2,25.337718918639855
2021-01-11 17:00:00,56594,361,34,2491,297,12919,30,-15,3,19.0
2021-01-12 17:00:00,57241,647,-1,7714,626,12918,22,-17,1,25.436194683953808
2021-01-13 17:00:00,57787,546,-120,7281,635,12798,31,-6,1,23.366642891095847
2021-01-14 17:00:00,58592,805,65,7969,715,12863,25,3,-1,28.372521918222215
2021-01-15 17:00:00,59511,919,16,10634,874,12879,29,20,0,30.315012782448235
2021-01-16 17:00:00,60381,870,104,9181,731,12983,35,-6,-2,29.49576240750525
2021-01-17 17:00:00,60766,385,-245,4891,608,12738,22,-5,-3,19.621416870348583
2021-01-18 17:00:00,60919,153,-53,1993,185,12685,21,3,0,12.36931687685298
2021-01-19 17:00:00,61373,454,-100,10409,536,12585,18,11,0,21.307275752662516
2021-01-20 17:00:00,62045,672,-254,10820,900,12331,26,2,-5,25.92296279363144
2021-01-21 17:00:00,62702,657,-151,9985,782,12180,26,-13,1,25.632011235952593
2021-01-22 17:00:00,63154,452,-90,7437,519,12090,23,-11,2,21.2602916254693
2021-01-23 17:00:00,63833,679,-192,10239,847,11898,24,3,2,26.057628441590765
2021-01-24 17:00:00,64338,505,-142,5814,634,11756,13,13,-2,22.47220505424423
2021-01-25 17:00:00,64519,181,-183,2438,341,11573,23,1,1,13.45362404707371
2021-01-26 17:00:00,64940,421,-83,8947,471,11490,33,-18,2,20.518284528683193
2021-01-27 17:00:00,65524,584,-98,11068,656,11392,26,-22,-3,24.166091947189145
2021-01-28 17:00:00,66166,642,-32,9160,653,11360,21,-27,-2,25.337718918639855
2021-01-29 17:00:00,66723,557,11,9433,528,11371,18,-14,0,23.600847442411894
2021-01-30 17:00:00,67138,415,-77,8046,478,11294,14,-9,-2,20.37154878746336
2021-01-31 17:00:00,67534,396,39,4391,341,11333,16,-6,3,19.8997487421324
2021-02-01 17:00:00,67663,129,-24,1897,129,11309,24,3,1,11.357816691600547
2021-02-02 17:00:00,67921,258,-83,5991,315,11226,26,-14,0,16.06237840420901
2021-02-03 17:00:00,68613,692,-46,11697,711,11180,27,-18,2,26.30589287593181
2021-02-04 17:00:00,68968,355,81,5783,255,11261,19,-11,1,18.841443681416774
