data,totale_casi,positivi,netto_positivi,tamponi,guariti,totale_positivi,morti,sintomi,intensiva,delta_positivi
2020-10-01 17:00:00,1315,1,-6,254,7,69,0,1,0,1.0
2020-10-02 17:00:00,1326,11,8,154,3,77,0,1,0,3.3166247903554
2020-10-03 17:00:00,1326,0,-2,133,2,75,0,-1,0,0.0
2020-10-04 17:00:00,1333,7,6,175,1,81,0,-1,0,2.6457513110645907
2020-10-05 17:00:00,1346,13,12,138,1,93,0,0,1,3.605551275463989
2020-10-06 17:00:00,1351,5,0,151,5,93,0,-1,0,2.23606797749979
2020-10-07 17:00:00,1366,15,14,264,1,107,0,-1,0,3.872983346207417
2020-10-08 17:00:00,1384,18,15,249,3,122,0,0,0,4.242640687119285
2020-10-09 17:00:00,1402,18,17,160,1,139,0,0,1,4.242640687119285
2020-10-10 17:00:00,1446,44,41,229,3,180,0,2,1,6.6332495807108
2020-10-11 17:00:00,1464,18,17,240,1,197,0,2,0,4.242640687119285
2020-10-12 17:00:00,1496,32,28,219,4,225,0,1,0,5.656854249492381
2020-10-13 17:00:00,1529,33,33,271,0,258,0,2,0,5.744562646538029
2020-10-14 17:00:00,1566,37,37,258,0,295,0,2,0,6.082762530298219
2020-10-15 17:00:00,1633,67,65,420,2,360,0,1,0,8.18535277187245
2020-10-16 17:00:00,1660,27,22,177,5,382,0,-1,1,5.196152422706632
2020-10-17 17:00:00,1738,78,76,421,2,458,0,4,-2,8.831760866327848
2020-10-18 17:00:00,1811,73,70,360,3,528,0,3,0,8.54400374531753
2020-10-19 17:00:00,1946,135,130,453,5,658,0,6,2,11.61895003862225
2020-10-20 17:00:00,2021,75,67,583,8,725,0,10,1,8.660254037844387
2020-10-21 17:00:00,2132,111,106,1555,5,831,0,6,0,10.535653752852738
2020-10-22 17:00:00,2219,87,74,681,10,905,3,6,-2,9.327379053088816
2020-10-23 17:00:00,2316,97,96,440,1,1001,0,2,0,9.848857801796104
2020-10-24 17:00:00,2428,112,92,414,17,1093,3,8,-1,10.583005244258363
2020-10-25 17:00:00,2525,97,88,301,8,1181,1,5,0,9.848857801796104
2020-10-26 17:00:00,2669,144,135,505,8,1316,1,12,0,12.0
2020-10-27 17:00:00,2726,57,51,497,4,1367,2,24,5,7.54983443527075
2020-10-28 17:00:00,2803,77,63,486,13,1430,1,8,0,8.774964387392123
2020-10-29 17:00:00,2981,178,154,781,19,1584,5,13,0,13.341664064126334
2020-10-30 17:00:00,3136,155,133,685,18,1717,4,7,0,12.449899597988733
2020-10-31 17:00:00,3240,104,96,404,6,1813,2,19,0,10.198039027185569
2020-11-01 17:00:00,3375,135,107,481,22,1920,6,15,5,11.61895003862225
2020-11-02 17:00:00,3497,122,92,486,25,2012,5,6,0,11.045361017187261
2020-11-03 17:00:00,3591,94,38,410,55,2050,1,3,1,9.695359714832659
2020-11-04 17:00:00,3720,129,74,554,54,2124,1,-18,-2,11.357816691600547
2020-11-05 17:00:00,3834,114,28,525,78,2152,8,8,1,10.677078252031311
2020-11-06 17:00:00,3963,129,16,719,107,2168,6,-6,1,11.357816691600547
2020-11-07 17:00:00,4080,117,13,486,97,2181,7,0,1,10.816653826391969
2020-11-08 17:00:00,4135,55,-9,478,61,2172,3,4,0,7.416198487095663
2020-11-09 17:00:00,4336,201,94,670,105,2266,2,1,1,14.177446878757825
2020-11-10 17:00:00,4463,127,33,637,83,2299,11,2,0,11.269427669584644
2020-11-11 17:00:00,4588,125,33,743,85,2332,7,-1,2,11.180339887498949
2020-11-12 17:00:00,4755,167,6,650,155,2338,6,-1,-1,12.922847983320086
2020-11-13 17:00:00,4858,103,25,830,75,2363,3,-10,-1,10.14889156509222
2020-11-14 17:00:00,5103,245,-64,797,303,2299,6,-3,-2,15.652475842498529
2020-11-15 17:00:00,5246,143,-4,580,139,2295,8,2,-1,11.958260743101398
2020-11-16 17:00:00,5345,99,-29,589,123,2266,5,3,4,9.9498743710662
2020-11-17 17:00:00,5499,154,-103,591,253,2163,4,1,1,12.409673645990857
2020-11-18 17:00:00,5586,87,-70,526,155,2093,2,-6,0,9.327379053088816
2020-11-19 17:00:00,5677,91,-58,700,137,2035,12,-2,-5,9.539392014169456
2020-11-20 17:00:00,5832,155,45,711,103,2080,7,4,-2,12.449899597988733
2020-11-21 17:00:00,5923,91,-79,613,167,2001,3,1,1,9.539392014169456
2020-11-22 17:00:00,6022,99,-82,881,177,1919,4,-5,3,9.9498743710662
2020-11-23 17:00:00,6099,77,-70,666,142,1849,5,2,-1,8.774964387392123
2020-11-24 17:00:00,6172,73,-82,752,153,1767,2,-3,1,8.54400374531753
2020-11-25 17:00:00,6199,27,-84,544,106,1683,5,-6,2,5.196152422706632
2020-11-26 17:00:00,6243,44,-70,821,109,1613,5,-9,1,6.6332495807108
2020-11-27 17:00:00,6344,101,-66,715,167,1547,0,1,-2,10.04987562112089
2020-11-28 17:00:00,6416,72,-82,749,146,1465,8,1,-1,8.48528137423857
2020-11-29 17:00:00,6463,47,-15,772,61,1450,1,8,-1,6.855654600401044
2020-11-30 17:00:00,6510,47,-133,575,176,1317,4,-14,-2,6.855654600401044
2020-12-01 17:00:00,6535,25,-52,478,75,1265,2,-1,2,5.0
2020-12-02 17:00:00,6577,42,-59,460,96,1206,5,-1,0,6.48074069840786
2020-12-03 17:00:00,6619,42,-88,460,128,1118,2,-9,-2,6.48074069840786
2020-12-04 17:00:00,6646,27,-38,293,63,1080,2,-4,0,5.196152422706632
2020-12-05 17:00:00,6692,46,-24,416,66,1056,4,-2,-2,6.782329983125268
2020-12-06 17:00:00,6726,34,-69,277,100,987,3,-5,-1,5.830951894845301
2020-12-07 17:00:00,6748,22,-43,221,63,944,2,3,2,4.69041575982343
2020-12-08 17:00:00,6766,18,-74,280,88,870,4,-9,-1,4.242640687119285
2020-12-09 17:00:00,6783,17,-14,373,27,856,4,-6,4,4.123105625617661
2020-12-10 17:00:00,6801,18,-73,342,90,783,1,8,-3,4.242640687119285
2020-12-11 17:00:00,6812,11,-67,259,75,716,3,-10,-1,3.3166247903554
2020-12-12 17:00:00,6837,25,-53,336,74,663,4,-12,-1,5.0
2020-12-13 17:00:00,6871,34,-41,272,73,622,2,-2,0,5.830951894845301
2020-12-14 17:00:00,6885,14,-34,320,48,588,0,0,1,3.7416573867739413
2020-12-15 17:00:00,6905,20,-61,342,78,527,3,0,-3,4.47213595499958
2020-12-16 17:00:00,6943,38,-4,393,38,523,4,-7,1,6.164414002968976
2020-12-17 17:00:00,6962,19,-28,255,45,495,2,3,1,4.358898943540674
2020-12-18 17:00:00,6986,24,5,233,16,500,3,0,-1,4.898979485566356
2020-12-19 17:00:00,7009,23,-6,270,28,494,1,6,-3,4.795831523312719
2020-12-20 17:00:00,7031,22,-22,147,42,472,2,2,0,4.69041575982343
2020-12-21 17:00:00,7040,9,2,212,7,474,0,6,0,3.0
2020-12-22 17:00:00,7073,33,-18,309,51,456,0,6,1,5.744562646538029
2020-12-23 17:00:00,7084,11,-26,223,35,430,2,-6,-1,3.3166247903554
2020-12-24 17:00:00,7119,35,-3,248,37,427,1,-1,0,5.916079783099616
2020-12-25 17:00:00,7130,11,1,101,10,428,0,1,0,3.3166247903554
2020-12-26 17:00:00,7154,24,-10,139,33,418,1,-7,0,4.898979485566356
2020-12-27 17:00:00,7181,27,14,365,11,432,2,6,-2,5.196152422706632
2020-12-28 17:00:00,7242,61,62,235,-3,494,2,12,2,7.810249675906654
2020-12-29 17:00:00,7230,0,-81,346,67,413,2,-22,-3,0.0
2020-12-30 17:00:00,7244,14,-7,286,20,406,1,-1,1,3.7416573867739413
2020-12-31 17:00:00,7273,29,5,207,24,411,0,3,0,5.385164807134504
2021-01-01 17:00:00,7290,17,-3,144,18,408,2,0,-1,4.123105625617661
2021-01-02 17:00:00,7297,7,5,201,0,413,2,1,1,2.6457513110645907
2021-01-03 17:00:00,7332,35,1,337,31,414,3,-10,0,5.916079783099616
2021-01-04 17:00:00,7359,27,-4,162,30,410,1,-3,-1,5.196152422706632
2021-01-05 17:00:00,7380,21,-2,262,23,408,0,-9,0,4.58257569495584
2021-01-06 17:00:00,7406,26,-1,200,26,407,1,0,0,5.0990195135927845
2021-01-07 17:00:00,7439,33,27,230,6,434,0,3,0,5.744562646538029
2021-01-08 17:00:00,7464,25,-9,254,34,425,0,-3,0,5.0
2021-01-09 17:00:00,7486,22,12,275,10,437,0,-4,0,4.69041575982343
2021-01-10 17:00:00,7505,19,-7,154,25,430,1,3,0,4.358898943540674
2021-01-11 17:00:00,7532,27,12,256,13,442,2,-1,0,5.196152422706632
2021-01-12 17:00:00,7546,14,-10,330,23,432,1,-3,0,3.7416573867739413
2021-01-13 17:00:00,7565,19,-12,243,31,420,0,-6,1,4.358898943540674
2021-01-14 17:00:00,7581,16,-8,223,24,412,0,0,0,4.0
2021-01-15 17:00:00,7601,20,4,254,16,416,0,-3,1,4.47213595499958
2021-01-16 17:00:00,7621,20,-3,194,22,413,1,4,1,4.47213595499958
2021-01-17 17:00:00,7639,18,2,138,15,415,1,-3,-1,4.242640687119285
2021-01-18 17:00:00,7650,11,0,146,10,415,1,4,-1,3.3166247903554
2021-01-19 17:00:00,7684,34,-17,375,48,398,3,1,0,5.830951894845301
2021-01-20 17:00:00,7698,14,-20,370,33,378,1,0,0,3.7416573867739413
2021-01-21 17:00:00,7696,17,-37,279,34,341,1,-4,0,4.123105625617661
2021-01-22 17:00:00,7715,19,-10,176,29,331,0,-2,0,4.358898943540674
2021-01-23 17:00:00,7720,5,-4,258,9,327,0,3,0,2.23606797749979
2021-01-24 17:00:00,7737,17,-24,211,40,303,1,2,0,4.123105625617661
2021-01-25 17:00:00,7745,8,4,152,4,307,0,0,1,2.8284271247461903
2021-01-26 17:00:00,7747,2,-25,317,27,282,0,-1,1,1.4142135623730951
2021-01-27 17:00:00,7764,17,-12,284,28,270,1,-1,0,4.123105625617661
2021-01-28 17:00:00,7772,8,-7,338,14,263,1,-2,0,2.8284271247461903
2021-01-29 17:00:00,7780,8,-10,146,18,253,0,-5,0,2.8284271247461903
2021-01-30 17:00:00,7781,1,-5,235,5,248,1,-1,0,1.0
2021-01-31 17:00:00,7797,16,-15,308,31,233,0,-3,-1,4.0
2021-02-01 17:00:00,7800,3,-4,88,6,229,1,1,0,1.7320508075688772
2021-02-02 17:00:00,7804,4,-28,303,32,201,0,-8,0,2.0
2021-02-03 17:00:00,7815,11,-12,352,22,189,1,4,0,3.3166247903554
2021-02-04 17:00:00,7826,11,-1,353,12,188,0,-2,0,3.3166247903554
2021-02-05 17:00:00,7834,8,-9,211,16,179,1,-2,0,2.8284271247461903
2021-02-06 17:00:00,7842,8,-11,213,18,168,1,-1,0,2.8284271247461903
2021-02-07 17:00:00,7843,1,-6,163,6,162,1,0,0,1.0
2021-02-08 17:00:00,7856,13,3,140,9,165,1,1,0,3.605551275463989
2021-02-09 17:00:00,7870,14,-10,302,23,155,1,-6,0,3.7416573867739413
2021-02-10 17:00:00,7877,7,-8,245,15,147,0,-4,0,2.6457513110645907
2021-02-11 17:00:00,7886,9,1,309,8,148,0,0,0,3.0
2021-02-12 17:00:00,7895,9,-4,457,12,144,1,-1,-1,3.0
2021-02-13 17:00:00,7904,9,-3,263,12,141,0,-1,0,3.0
2021-02-14 17:00:00,7909,5,-4,247,8,137,1,0,0,2.23606797749979
2021-02-15 17:00:00,7918,9,1,149,8,138,0,-3,0,3.0
2021-02-16 17:00:00,7922,4,-12,292,16,126,0,-2,0,2.0
2021-02-17 17:00:00,7936,14,5,322,9,131,0,0,0,3.7416573867739413
2021-02-18 17:00:00,7947,11,5,283,6,136,0,2,0,3.3166247903554
2021-02-19 17:00:00,7955,8,-3,324,11,133,0,-1,0,2.8284271247461903
2021-02-20 17:00:00,7959,4,1,252,2,134,1,-1,-1,2.0
2021-02-21 17:00:00,7964,5,-1,259,6,133,0,-2,0,2.23606797749979
2021-02-22 17:00:00,7978,14,13,106,1,146,0,0,0,3.7416573867739413
2021-02-23 17:00:00,7982,4,-10,333,13,136,1,0,-1,2.0
2021-02-24 17:00:00,7996,14,10,348,4,146,0,3,1,3.7416573867739413
2021-02-25 17:00:00,7998,2,-4,285,6,142,0,1,0,1.4142135623730951
2021-02-26 17:00:00,8011,13,-1,266,14,141,0,-2,0,3.605551275463989
2021-02-27 17:00:00,8021,10,3,258,7,144,0,1,1,3.1622776601683795
2021-02-28 17:00:00,8054,33,30,365,3,174,0,1,0,5.744562646538029
2021-03-01 17:00:00,8057,3,-6,138,9,168,0,4,0,1.7320508075688772
2021-03-02 17:00:00,8063,6,-5,271,11,163,0,-1,0,2.449489742783178
2021-03-03 17:00:00,8072,9,3,334,6,166,0,-1,0,3.0
2021-03-04 17:00:00,8083,11,2,375,8,168,1,1,0,3.3166247903554
2021-03-05 17:00:00,8098,15,3,316,12,171,0,-3,0,3.872983346207417
2021-03-06 17:00:00,8114,16,2,737,14,173,0,0,0,4.0
2021-03-07 17:00:00,8121,7,4,536,2,177,1,-1,0,2.6457513110645907
2021-03-08 17:00:00,8151,30,24,149,6,201,0,0,0,5.477225575051661
2021-03-09 17:00:00,8159,8,-6,455,14,195,0,0,0,2.8284271247461903
2021-03-10 17:00:00,8179,20,13,609,7,208,0,3,0,4.47213595499958
2021-03-11 17:00:00,8212,33,22,543,11,230,0,0,0,5.744562646538029
2021-03-12 17:00:00,8240,28,17,305,11,247,0,0,0,5.291502622129181
2021-03-13 17:00:00,8271,31,25,693,6,272,0,3,0,5.5677643628300215
2021-03-14 17:00:00,8305,34,30,422,4,302,0,-1,0,5.830951894845301
2021-03-15 17:00:00,8341,36,31,150,5,333,0,1,1,6.0
2021-03-16 17:00:00,8365,24,12,733,11,345,1,-1,0,4.898979485566356
2021-03-17 17:00:00,8414,49,24,902,24,369,1,1,-1,7.0
2021-03-18 17:00:00,8451,37,29,536,8,398,0,7,0,6.082762530298219
2021-03-19 17:00:00,8514,63,55,492,8,453,0,2,0,7.937253933193772
2021-03-20 17:00:00,8575,61,50,738,11,503,0,1,0,7.810249675906654
2021-03-21 17:00:00,8603,28,27,609,1,530,0,-3,0,5.291502622129181
2021-03-22 17:00:00,8655,52,35,287,17,565,0,1,0,7.211102550927978
2021-03-23 17:00:00,8685,30,4,931,26,569,0,3,1,5.477225575051661
2021-03-24 17:00:00,8755,70,58,796,12,627,0,1,0,8.366600265340756
2021-03-25 17:00:00,8816,61,22,887,39,649,0,1,2,7.810249675906654
2021-03-26 17:00:00,8873,57,41,817,15,690,1,-4,2,7.54983443527075
2021-03-27 17:00:00,8998,125,101,672,24,791,0,8,1,11.180339887498949
2021-03-28 17:00:00,9075,77,29,686,48,820,0,5,0,8.774964387392123
