data,totale_casi,positivi,netto_positivi,tamponi,guariti,totale_positivi,morti,sintomi,intensiva,delta_positivi
2020-10-01 17:00:00,13446,111,32,3597,75,1771,4,9,-1,10.535653752852738
2020-10-02 17:00:00,13586,140,58,3619,82,1829,0,9,2,11.832159566199232
2020-10-03 17:00:00,13748,162,31,4202,130,1860,1,6,-2,12.727922061357855
2020-10-04 17:00:00,13869,121,17,2385,103,1877,1,0,2,11.0
2020-10-05 17:00:00,13976,107,30,1594,77,1907,0,13,1,10.344080432788601
2020-10-06 17:00:00,14146,170,18,3325,150,1925,2,-2,-1,13.038404810405298
2020-10-07 17:00:00,14322,176,107,3726,67,2032,2,18,1,13.2664991614216
2020-10-08 17:00:00,14474,152,123,3857,29,2155,0,-1,4,12.328828005937952
2020-10-09 17:00:00,14670,196,120,3457,75,2275,1,4,-2,14.0
2020-10-10 17:00:00,14883,213,171,4033,40,2446,2,23,0,14.594519519326424
2020-10-11 17:00:00,15269,386,152,3334,232,2598,2,16,0,19.6468827043885
2020-10-12 17:00:00,15455,186,143,1570,41,2741,2,23,-2,13.638181696985855
2020-10-13 17:00:00,15902,447,182,4766,264,2923,1,11,3,21.142374511865974
2020-10-14 17:00:00,16264,362,152,3981,209,3075,1,14,2,19.026297590440446
2020-10-15 17:00:00,16696,432,38,5149,391,3113,3,30,-3,20.784609690826528
2020-10-16 17:00:00,17281,585,128,4980,451,3241,6,31,6,24.186773244895647
2020-10-17 17:00:00,17745,464,317,5173,146,3558,1,17,6,21.540659228538015
2020-10-18 17:00:00,18115,370,201,3328,166,3759,3,38,1,19.235384061671343
2020-10-19 17:00:00,18438,323,152,1871,166,3911,5,34,-5,17.97220075561143
2020-10-20 17:00:00,19345,907,573,6062,328,4484,6,69,-2,30.116440692751194
2020-10-21 17:00:00,19891,546,137,4950,400,4621,9,42,-1,23.366642891095847
2020-10-22 17:00:00,20581,690,445,5039,228,5066,17,-7,3,26.267851073127396
2020-10-23 17:00:00,21359,778,403,5096,368,5469,7,58,-1,27.892651361962706
2020-10-24 17:00:00,22394,1035,291,6114,738,5760,6,43,5,32.17141588429082
2020-10-25 17:00:00,23051,657,276,4195,376,6036,5,55,3,25.632011235952593
2020-10-26 17:00:00,23470,419,406,2519,0,6442,13,92,5,20.46948949045872
2020-10-27 17:00:00,24597,1127,515,6357,598,6957,14,49,-1,33.57082066318904
2020-10-28 17:00:00,25523,926,521,6340,390,7478,15,41,1,30.430248109405877
2020-10-29 17:00:00,26541,1018,458,6067,551,7936,9,29,4,31.906112267087632
2020-10-30 17:00:00,27540,999,386,6234,606,8322,7,41,2,31.606961258558215
2020-10-31 17:00:00,28608,1068,109,6389,934,8431,25,88,5,32.68026927673638
2020-11-01 17:00:00,29344,736,283,4044,446,8714,7,44,6,27.129319932501073
2020-11-02 17:00:00,29943,599,580,2846,10,9294,9,53,-6,24.474476501040833
2020-11-03 17:00:00,30995,1052,535,6619,497,9829,20,14,7,32.43454948045371
2020-11-04 17:00:00,32117,1122,638,6141,460,10467,24,49,13,33.49626844888845
2020-11-05 17:00:00,33325,1208,756,6587,423,11223,29,40,-1,34.75629439396553
2020-11-06 17:00:00,34452,1127,469,5772,642,11692,16,79,2,33.57082066318904
2020-11-07 17:00:00,35544,1092,416,5630,641,12108,35,-12,-1,33.04542328371661
2020-11-08 17:00:00,36430,886,300,4856,584,12408,2,31,4,29.765752132274432
2020-11-09 17:00:00,36968,538,313,3130,204,12721,21,53,11,23.194827009486403
2020-11-10 17:00:00,38140,1172,615,7022,518,13336,39,-72,0,34.23448553724738
2020-11-11 17:00:00,39242,1102,619,6922,450,13955,33,0,6,33.19638534539566
2020-11-12 17:00:00,40255,1013,706,5807,276,14661,31,48,11,31.827660925679098
2020-11-13 17:00:00,41464,1209,224,7278,967,14885,18,9,1,34.77067730142742
2020-11-14 17:00:00,42555,1091,449,6167,612,15334,30,30,-2,33.03028912982749
2020-11-15 17:00:00,43377,822,404,4850,397,15738,21,-9,7,28.6705423736629
2020-11-16 17:00:00,43742,365,163,2205,187,15901,15,-12,-4,19.1049731745428
2020-11-17 17:00:00,44427,685,630,5670,35,16531,20,12,6,26.1725046566048
2020-11-18 17:00:00,45202,775,237,6806,519,16768,19,-22,1,27.83882181415011
2020-11-19 17:00:00,45994,792,259,6187,518,17027,15,-52,1,28.142494558940577
2020-11-20 17:00:00,46755,761,-1073,5647,1805,15954,29,-29,1,27.586228448267445
2020-11-21 17:00:00,47516,761,-81,6476,822,15873,20,-49,-1,27.586228448267445
2020-11-22 17:00:00,48127,611,5,4428,592,15878,14,12,3,24.71841418861655
2020-11-23 17:00:00,48412,285,-557,2831,822,15321,20,-5,0,16.881943016134134
2020-11-24 17:00:00,48921,509,-538,5021,1022,14783,25,-69,-1,22.561028345356956
2020-11-25 17:00:00,49381,460,-728,5831,1166,14055,22,-64,2,21.447610589527216
2020-11-26 17:00:00,49951,570,-563,5705,1119,13492,14,-40,-9,23.874672772626646
2020-11-27 17:00:00,50557,606,-481,5532,1073,13011,14,-56,-5,24.61706725018234
2020-11-28 17:00:00,51011,454,-286,4740,715,12725,25,-51,8,21.307275752662516
2020-11-29 17:00:00,51448,437,-119,3859,537,12606,19,2,-6,20.904544960366874
2020-11-30 17:00:00,51684,236,-390,2101,619,12216,7,27,2,15.362291495737216
2020-12-01 17:00:00,52023,339,-66,4300,388,12150,17,6,-8,18.411952639521967
2020-12-02 17:00:00,52372,349,-151,4620,481,11999,19,-40,-3,18.681541692269406
2020-12-03 17:00:00,52794,422,-541,4957,937,11458,26,-31,0,20.54263858417414
2020-12-04 17:00:00,53161,367,-431,4765,773,11027,25,-20,-3,19.157244060668017
2020-12-05 17:00:00,53475,314,-509,3708,796,10518,27,-15,-6,17.72004514666935
2020-12-06 17:00:00,53779,304,-102,3092,386,10416,20,-29,-1,17.435595774162696
2020-12-07 17:00:00,53907,128,-406,1424,511,10010,23,-1,0,11.313708498984761
2020-12-08 17:00:00,54173,266,-265,3957,512,9745,19,-26,-1,16.30950643030009
2020-12-09 17:00:00,54364,191,-498,2248,661,9247,28,0,-3,13.820274961085254
2020-12-10 17:00:00,54684,320,-289,3992,598,8958,11,-19,-3,17.88854381999832
2020-12-11 17:00:00,55024,340,-193,4707,508,8765,25,-19,-1,18.439088914585774
2020-12-12 17:00:00,55287,263,-296,4277,537,8469,22,-21,-7,16.217274740226856
2020-12-13 17:00:00,55618,331,-74,2752,397,8395,8,-14,-2,18.193405398660254
2020-12-14 17:00:00,55841,223,-115,2533,321,8280,17,12,-2,14.933184523068078
2020-12-15 17:00:00,56043,202,-165,3899,347,8115,20,-12,-2,14.212670403551895
2020-12-16 17:00:00,56318,275,-86,4672,350,8029,11,-13,0,16.583123951777
2020-12-17 17:00:00,56734,416,-400,4333,797,7629,19,-9,-2,20.396078054371138
2020-12-18 17:00:00,57021,287,-163,3768,420,7466,30,-30,1,16.941074346097416
2020-12-19 17:00:00,57292,271,-369,4041,628,7097,12,-14,1,16.46207763315433
2020-12-20 17:00:00,57577,285,-262,3126,545,6835,2,-7,-1,16.881943016134134
2020-12-21 17:00:00,57754,177,-247,1486,410,6588,14,-7,0,13.30413469565007
2020-12-22 17:00:00,57970,216,-120,3789,320,6468,16,12,-5,14.696938456699069
2020-12-23 17:00:00,58198,228,-291,3936,498,6177,21,-11,-1,15.0996688705415
2020-12-24 17:00:00,58526,328,-219,4621,535,5958,12,-2,0,18.110770276274835
2020-12-25 17:00:00,58971,445,-289,4130,723,5669,11,-24,0,21.095023109728988
2020-12-26 17:00:00,59005,34,3,521,29,5672,2,9,2,5.830951894845301
2020-12-27 17:00:00,59104,99,97,1183,0,5769,2,23,0,9.9498743710662
2020-12-28 17:00:00,59277,173,-81,1769,248,5688,6,23,-5,13.152946437965905
2020-12-29 17:00:00,59582,305,71,4043,219,5759,15,-7,2,17.46424919657298
2020-12-30 17:00:00,59997,415,-131,5848,533,5628,13,1,0,20.37154878746336
2020-12-31 17:00:00,60469,472,-8,4153,469,5620,11,-18,2,21.72556098240043
2021-01-01 17:00:00,60881,412,-23,3505,428,5597,7,-30,-2,20.29778313018444
2021-01-02 17:00:00,61084,203,105,1265,89,5702,9,10,3,14.247806848775006
2021-01-03 17:00:00,61305,221,85,2140,131,5787,5,22,5,14.866068747318506
2021-01-04 17:00:00,61509,204,-39,2007,238,5748,5,20,4,14.2828568570857
2021-01-05 17:00:00,61913,404,-176,4586,568,5572,12,-8,-2,20.09975124224178
2021-01-06 17:00:00,62278,365,-148,4586,495,5424,18,-5,-8,19.1049731745428
2021-01-07 17:00:00,62474,196,-123,1642,303,5301,16,8,-3,14.0
2021-01-08 17:00:00,62874,400,-96,4563,479,5205,17,6,5,20.0
2021-01-09 17:00:00,63400,526,-61,4519,568,5144,19,-15,-2,22.93468988235943
2021-01-10 17:00:00,63774,374,82,2877,281,5226,11,7,-1,19.339079605813716
2021-01-11 17:00:00,64000,226,-144,2085,362,5082,8,28,0,15.033296378372908
2021-01-12 17:00:00,64276,276,-54,5060,302,5028,28,-6,1,16.61324772583615
2021-01-13 17:00:00,64671,395,-26,4442,403,5002,18,-42,-3,19.87460691435179
2021-01-14 17:00:00,64960,289,72,3906,207,5074,10,-11,3,17.0
2021-01-15 17:00:00,65214,254,-40,6228,284,5034,10,-10,-6,15.937377450509228
2021-01-16 17:00:00,65535,321,-180,6084,481,4854,20,-15,4,17.916472867168917
2021-01-17 17:00:00,65763,228,112,4122,104,4966,12,4,-1,15.0996688705415
2021-01-18 17:00:00,66026,263,83,2806,168,5049,12,-3,2,16.217274740226856
2021-01-19 17:00:00,66261,235,-238,7626,456,4811,17,-11,-4,15.329709716755891
2021-01-20 17:00:00,66546,285,-53,6657,314,4758,24,0,-1,16.881943016134134
2021-01-21 17:00:00,66789,243,-155,6973,384,4603,14,-8,3,15.588457268119896
2021-01-22 17:00:00,67102,313,-85,6986,378,4518,20,-20,-1,17.69180601295413
2021-01-23 17:00:00,67400,298,52,6480,229,4570,17,-24,4,17.26267650163207
2021-01-24 17:00:00,67693,293,42,4812,236,4612,15,12,-1,17.11724276862369
2021-01-25 17:00:00,67857,164,-74,2992,232,4538,6,19,3,12.806248474865697
2021-01-26 17:00:00,68128,271,-121,7356,375,4417,17,-5,-2,16.46207763315433
2021-01-27 17:00:00,68396,268,-172,7138,420,4245,20,-26,3,16.3707055437449
2021-01-28 17:00:00,68768,372,1,7308,349,4246,22,-3,-1,19.28730152198591
2021-01-29 17:00:00,69106,338,59,7279,254,4305,25,3,-3,18.384776310850235
2021-01-30 17:00:00,69361,255,90,6926,149,4395,16,-3,-2,15.968719422671311
2021-01-31 17:00:00,69668,307,41,6138,255,4436,11,24,3,17.52141546793523
2021-02-01 17:00:00,69817,149,130,2124,12,4566,7,19,0,12.206555615733702
2021-02-02 17:00:00,70055,238,-181,5528,407,4385,12,-1,-1,15.427248620541512
2021-02-03 17:00:00,70288,233,54,6520,152,4439,27,11,0,15.264337522473747
2021-02-04 17:00:00,70777,489,-36,7797,515,4403,10,-14,0,22.11334438749598
2021-02-05 17:00:00,71109,332,84,7782,239,4487,9,4,-2,18.2208671582886
2021-02-06 17:00:00,71385,276,107,6376,141,4594,28,-22,-1,16.61324772583615
2021-02-07 17:00:00,71749,364,57,4604,298,4651,9,-1,0,19.078784028338912
2021-02-08 17:00:00,71969,220,143,3607,65,4794,12,1,2,14.832396974191326
2021-02-09 17:00:00,72226,257,-64,6240,311,4730,10,7,0,16.0312195418814
2021-02-10 17:00:00,72590,364,-49,7150,406,4681,7,-9,-1,19.078784028338912
2021-02-11 17:00:00,72909,319,116,6494,195,4797,8,-3,0,17.86057109949175
2021-02-12 17:00:00,73241,332,140,6733,184,4937,8,-7,-5,18.2208671582886
2021-02-13 17:00:00,73541,300,-107,6355,399,4830,8,-36,-1,17.320508075688775
2021-02-14 17:00:00,73815,274,185,4641,81,5015,8,30,6,16.55294535724685
2021-02-15 17:00:00,74009,194,36,3618,151,5051,7,3,-1,13.92838827718412
2021-02-16 17:00:00,74230,221,-91,6735,302,4960,10,-7,-2,14.866068747318506
2021-02-17 17:00:00,74539,309,-104,7786,402,4856,11,-18,1,17.578395831246947
2021-02-18 17:00:00,74873,334,-46,7726,379,4810,1,-28,-1,18.275666882497067
2021-02-19 17:00:00,75147,274,22,7030,237,4832,15,-18,-1,16.55294535724685
2021-02-20 17:00:00,75508,361,5,6741,346,4837,10,-14,-5,19.0
2021-02-21 17:00:00,75774,266,53,4549,209,4890,4,7,1,16.30950643030009
2021-02-22 17:00:00,75910,136,108,3438,17,4998,11,-1,2,11.661903789690601
2021-02-23 17:00:00,76291,381,-131,7735,499,4867,13,-17,-3,19.519221295943137
2021-02-24 17:00:00,76576,285,40,7707,234,4907,11,1,2,16.881943016134134
2021-02-25 17:00:00,77028,452,168,8015,277,5075,7,-6,-3,21.2602916254693
2021-02-26 17:00:00,77379,351,108,6542,238,5183,5,-2,0,18.734993995195193
2021-02-27 17:00:00,77730,351,18,7033,325,5201,8,0,-2,18.734993995195193
2021-02-28 17:00:00,77978,248,182,4837,64,5383,2,9,2,15.748015748023622
2021-03-01 17:00:00,78287,309,102,4801,201,5485,6,17,2,17.578395831246947
2021-03-02 17:00:00,78624,337,-58,7595,387,5427,8,3,-4,18.35755975068582
2021-03-03 17:00:00,78992,368,71,7436,282,5498,15,6,3,19.183326093250876
2021-03-04 17:00:00,79406,414,187,7270,220,5685,7,9,2,20.346989949375804
2021-03-05 17:00:00,79744,338,108,6819,222,5793,8,-18,1,18.384776310850235
2021-03-06 17:00:00,80016,272,67,6477,198,5860,7,-11,3,16.492422502470642
2021-03-07 17:00:00,80400,384,13,6083,365,5873,6,1,2,19.595917942265423
2021-03-08 17:00:00,80615,215,76,3211,137,5949,2,7,2,14.66287829861518
2021-03-09 17:00:00,80863,248,-19,7220,258,5930,9,7,-1,15.748015748023622
2021-03-10 17:00:00,81205,342,85,7945,249,6015,8,5,5,18.49324200890693
2021-03-11 17:00:00,81610,405,45,7704,355,6060,5,-12,-3,20.12461179749811
2021-03-12 17:00:00,82016,406,131,7124,266,6191,9,-2,0,20.149441679609886
2021-03-13 17:00:00,82323,307,38,6764,261,6229,8,0,0,17.52141546793523
2021-03-14 17:00:00,82644,321,35,5167,278,6264,8,23,-1,17.916472867168917
2021-03-15 17:00:00,82886,242,73,3358,156,6337,13,33,1,15.556349186104045
2021-03-16 17:00:00,83229,343,-219,7534,550,6118,12,2,1,18.520259177452136
