data,totale_casi,positivi,netto_positivi,tamponi,guariti,totale_positivi,morti,sintomi,intensiva,delta_positivi
2020-10-01 17:00:00,2002,17,-18,1972,35,537,0,-1,0,4.123105625617661
2020-10-02 17:00:00,2020,18,1,1742,17,538,0,2,-1,4.242640687119285
2020-10-03 17:00:00,2044,24,20,1902,4,558,0,2,1,4.898979485566356
2020-10-04 17:00:00,2063,19,17,1796,1,575,1,0,0,4.358898943540674
2020-10-05 17:00:00,2086,23,8,1360,15,583,0,1,0,4.795831523312719
2020-10-06 17:00:00,2109,23,2,1882,20,585,1,1,-1,4.795831523312719
2020-10-07 17:00:00,2125,16,6,2001,10,591,0,-1,0,4.0
2020-10-08 17:00:00,2146,21,12,1905,9,603,0,2,0,4.58257569495584
2020-10-09 17:00:00,2188,42,35,2157,6,638,1,3,0,6.48074069840786
2020-10-10 17:00:00,2256,68,58,2545,10,696,0,-1,0,8.246211251235321
2020-10-11 17:00:00,2291,35,34,1696,1,730,0,0,0,5.916079783099616
2020-10-12 17:00:00,2344,53,43,1228,9,773,1,1,0,7.280109889280518
2020-10-13 17:00:00,2388,44,25,2383,19,798,0,0,0,6.6332495807108
2020-10-14 17:00:00,2448,60,48,2435,12,846,0,2,0,7.745966692414834
2020-10-15 17:00:00,2487,39,13,1957,26,859,0,7,2,6.244997998398398
2020-10-16 17:00:00,2589,102,45,2758,57,904,0,0,1,10.099504938362077
2020-10-17 17:00:00,2683,94,90,2995,4,994,0,7,1,9.695359714832659
2020-10-18 17:00:00,2761,78,78,2359,0,1072,0,3,0,8.831760866327848
2020-10-19 17:00:00,2869,108,98,1476,10,1170,0,5,0,10.392304845413264
2020-10-20 17:00:00,2963,94,82,2477,12,1252,0,7,1,9.695359714832659
2020-10-21 17:00:00,3099,136,128,2458,7,1380,1,8,0,11.661903789690601
2020-10-22 17:00:00,3286,187,157,3020,30,1537,0,5,2,13.674794331177344
2020-10-23 17:00:00,3445,159,158,3110,1,1695,0,14,1,12.609520212918492
2020-10-24 17:00:00,3611,166,154,3346,12,1849,0,0,1,12.884098726725126
2020-10-25 17:00:00,3790,179,164,2960,14,2013,1,6,0,13.379088160259652
2020-10-26 17:00:00,3970,180,171,2527,7,2184,2,2,-1,13.416407864998739
2020-10-27 17:00:00,4204,234,141,2858,90,2325,3,9,0,15.297058540778355
2020-10-28 17:00:00,4400,196,179,3267,17,2504,0,3,2,14.0
2020-10-29 17:00:00,4625,225,210,2741,13,2714,2,14,-4,15.0
2020-10-30 17:00:00,4863,239,236,2852,1,2950,1,8,2,15.459624833740307
2020-10-31 17:00:00,5065,202,174,3134,26,3124,2,12,0,14.212670403551895
2020-11-01 17:00:00,5310,245,238,2871,6,3362,1,7,4,15.652475842498529
2020-11-02 17:00:00,5564,254,243,2343,10,3605,1,3,6,15.937377450509228
2020-11-03 17:00:00,5830,266,35,2888,228,3640,3,20,7,16.30950643030009
2020-11-04 17:00:00,6092,262,253,2874,5,3893,3,28,-15,16.186414056238647
2020-11-05 17:00:00,6450,358,351,3412,4,4244,4,5,0,18.920887928424502
2020-11-06 17:00:00,6714,264,237,2861,23,4481,4,-5,4,16.24807680927192
2020-11-07 17:00:00,7106,392,314,3550,74,4795,4,15,1,19.79898987322333
2020-11-08 17:00:00,7465,359,225,3182,130,5020,4,6,0,18.947295321496416
2020-11-09 17:00:00,7908,443,425,2204,14,5445,4,23,0,21.047565179849187
2020-11-10 17:00:00,8317,409,402,3082,0,5847,7,27,3,20.223748416156685
2020-11-11 17:00:00,8693,376,290,3371,81,6137,5,3,-1,19.390719429665317
2020-11-12 17:00:00,9119,426,423,3313,2,6560,1,12,3,20.639767440550294
2020-11-13 17:00:00,9416,297,117,2957,173,6677,7,40,6,17.233687939614086
2020-11-14 17:00:00,9749,333,309,3373,19,6986,5,7,-1,18.24828759089466
2020-11-15 17:00:00,10093,344,53,2559,286,7039,5,-3,15,18.547236990991408
2020-11-16 17:00:00,10390,297,229,1729,62,7268,6,16,4,17.233687939614086
2020-11-17 17:00:00,11070,680,470,4344,203,7738,7,-5,8,26.076809620810597
2020-11-18 17:00:00,12006,936,793,5906,133,8531,10,35,-7,30.59411708155671
2020-11-19 17:00:00,12512,506,447,2741,54,8978,5,7,1,22.494443758403985
2020-11-20 17:00:00,13027,515,389,3070,115,9367,11,20,-1,22.693611435820433
2020-11-21 17:00:00,13452,425,421,2954,0,9788,4,11,-1,20.615528128088304
2020-11-22 17:00:00,13896,444,270,2426,169,10058,5,7,2,21.071307505705477
2020-11-23 17:00:00,14217,321,88,2056,216,10146,17,2,0,17.916472867168917
2020-11-24 17:00:00,14524,307,-11,3208,314,10135,4,-6,-5,17.52141546793523
2020-11-25 17:00:00,14859,335,129,2749,199,10264,7,-4,1,18.303005217723125
2020-11-26 17:00:00,15256,397,202,2608,191,10466,4,3,2,19.924858845171276
2020-11-27 17:00:00,15724,468,356,3147,107,10822,5,4,-1,21.633307652783937
2020-11-28 17:00:00,16150,426,162,3201,251,10984,13,-22,-2,20.639767440550294
2020-11-29 17:00:00,16444,294,40,2536,245,11024,9,-5,1,17.146428199482248
2020-11-30 17:00:00,16714,270,-54,1759,310,10970,14,-5,-1,16.431676725154983
2020-12-01 17:00:00,17032,318,-1,2298,313,10969,6,17,-2,17.832554500127006
2020-12-02 17:00:00,17262,230,-79,3165,300,10890,9,-6,-4,15.165750888103101
2020-12-03 17:00:00,17542,280,-299,2782,567,10591,12,-12,-4,16.73320053068151
2020-12-04 17:00:00,17891,335,-16,2921,358,10575,7,-9,2,18.303005217723125
2020-12-05 17:00:00,18197,306,87,2970,209,10662,10,-11,-5,17.4928556845359
2020-12-06 17:00:00,18537,340,-1,2922,337,10661,4,11,3,18.439088914585774
2020-12-07 17:00:00,18712,175,-320,1476,485,10341,10,-8,-5,13.228756555322953
2020-12-08 17:00:00,18867,155,25,2209,123,10366,7,-6,-2,12.449899597988733
2020-12-09 17:00:00,19006,139,-239,2893,372,10127,6,-2,0,11.789826122551595
2020-12-10 17:00:00,19175,169,-351,2732,513,9776,7,-4,-1,13.0
2020-12-11 17:00:00,19333,158,-360,2481,512,9416,6,-5,-3,12.569805089976535
2020-12-12 17:00:00,19568,235,-67,2674,297,9349,5,-13,1,15.329709716755891
2020-12-13 17:00:00,19796,228,33,2179,187,9382,8,-13,1,15.0996688705415
2020-12-14 17:00:00,19962,166,-60,1551,222,9322,4,7,-2,12.884098726725126
2020-12-15 17:00:00,20137,175,-200,2354,372,9122,3,-11,0,13.228756555322953
2020-12-16 17:00:00,20331,194,-240,2541,430,8882,4,-17,1,13.92838827718412
2020-12-17 17:00:00,20491,160,70,2576,85,8952,5,-22,-1,12.649110640673518
2020-12-18 17:00:00,20720,229,-449,2892,672,8503,6,-2,0,15.132745950421556
2020-12-19 17:00:00,20927,207,4,2609,196,8507,7,-4,0,14.38749456993816
2020-12-20 17:00:00,21151,224,-38,1926,261,8469,1,-3,1,14.966629547095765
2020-12-21 17:00:00,21261,110,-148,1397,251,8321,7,13,0,10.488088481701515
2020-12-22 17:00:00,21493,232,150,2845,77,8471,5,-8,1,15.231546211727817
2020-12-23 17:00:00,21777,284,-229,3505,511,8242,2,5,-4,16.852299546352718
2020-12-24 17:00:00,22021,244,117,3314,126,8359,1,-13,2,15.620499351813308
2020-12-25 17:00:00,22278,257,170,2203,83,8529,4,-14,0,16.0312195418814
2020-12-26 17:00:00,22515,237,32,1512,199,8561,6,-7,-3,15.394804318340652
2020-12-27 17:00:00,22694,179,17,805,158,8578,4,-8,0,13.379088160259652
2020-12-28 17:00:00,22906,212,123,1516,84,8701,5,5,-4,14.560219778561036
2020-12-29 17:00:00,23069,163,-166,2808,321,8535,8,-3,2,12.767145334803704
2020-12-30 17:00:00,23518,449,196,3217,249,8731,4,0,1,21.18962010041709
2020-12-31 17:00:00,23920,402,86,3146,312,8817,4,-14,1,20.049937655763422
2021-01-01 17:00:00,24265,345,46,1903,292,8863,7,-10,0,18.57417562100671
2021-01-02 17:00:00,24440,175,-47,1063,219,8816,3,1,1,13.228756555322953
2021-01-03 17:00:00,24590,150,-159,1546,303,8657,6,8,0,12.24744871391589
2021-01-04 17:00:00,24811,221,-94,1554,312,8563,3,6,0,14.866068747318506
2021-01-05 17:00:00,24988,177,-65,2553,235,8498,7,-6,0,13.30413469565007
2021-01-06 17:00:00,25386,398,193,2956,204,8691,1,2,1,19.949937343260004
2021-01-07 17:00:00,25747,361,113,1910,242,8804,6,5,1,19.0
2021-01-08 17:00:00,26102,355,156,2404,196,8960,3,1,0,18.841443681416774
2021-01-09 17:00:00,26525,423,310,3108,112,9270,1,12,1,20.566963801203133
2021-01-10 17:00:00,26934,409,342,2924,62,9612,5,-6,3,20.223748416156685
2021-01-11 17:00:00,27204,270,17,1791,248,9629,5,17,-1,16.431676725154983
2021-01-12 17:00:00,27453,249,115,2517,133,9744,1,2,-2,15.7797338380595
2021-01-13 17:00:00,27736,283,-133,3445,415,9611,1,9,3,16.822603841260722
2021-01-14 17:00:00,28022,286,56,2742,225,9667,5,0,4,16.911534525287763
2021-01-15 17:00:00,28427,405,143,2950,258,9810,4,1,-2,20.12461179749811
2021-01-16 17:00:00,28722,295,180,2886,113,9990,2,6,0,17.175564037317667
2021-01-17 17:00:00,29073,351,243,2549,105,10233,3,-1,-2,18.734993995195193
2021-01-18 17:00:00,29329,256,-19,1564,271,10214,4,22,-1,16.0
2021-01-19 17:00:00,29520,191,-119,2466,310,10095,0,-7,0,13.820274961085254
2021-01-20 17:00:00,29833,313,10,3162,299,10105,4,-2,3,17.69180601295413
2021-01-21 17:00:00,30091,258,-137,2986,386,9968,9,-6,-1,16.06237840420901
2021-01-22 17:00:00,30459,368,138,3119,224,10106,6,-19,-2,19.183326093250876
2021-01-23 17:00:00,30861,402,234,2924,165,10340,3,-3,0,20.049937655763422
2021-01-24 17:00:00,31072,211,65,2013,141,10405,5,4,-3,14.52583904633395
2021-01-25 17:00:00,31279,207,-302,1577,503,10103,6,-1,1,14.38749456993816
2021-01-26 17:00:00,31511,232,-257,2522,484,9846,5,5,-3,15.231546211727817
2021-01-27 17:00:00,31774,263,-473,3129,735,9373,1,-9,3,16.217274740226856
2021-01-28 17:00:00,32076,302,-295,2835,593,9078,4,-1,-1,17.378147196982766
2021-01-29 17:00:00,32329,253,-49,2502,299,9029,3,1,-1,15.905973720586866
2021-01-30 17:00:00,32554,225,-134,3140,356,8895,3,-2,-2,15.0
2021-01-31 17:00:00,32747,193,14,2944,175,8909,4,4,2,13.892443989449804
2021-02-01 17:00:00,32942,195,-230,1976,421,8679,4,0,1,13.96424004376894
2021-02-02 17:00:00,33108,166,-65,2608,228,8614,3,-12,3,12.884098726725126
2021-02-03 17:00:00,33426,318,16,3310,295,8630,7,-11,-1,17.832554500127006
2021-02-04 17:00:00,33628,202,-87,2831,286,8543,3,3,2,14.212670403551895
2021-02-05 17:00:00,33867,239,-196,2559,431,8347,4,5,1,15.459624833740307
2021-02-06 17:00:00,34064,197,-205,2622,398,8142,4,-12,1,14.035668847618199
2021-02-07 17:00:00,34191,127,-339,2821,459,7803,7,-16,-1,11.269427669584644
2021-02-08 17:00:00,34333,142,-239,1733,380,7564,1,1,-1,11.916375287812984
2021-02-09 17:00:00,34521,188,-338,2634,521,7226,5,9,-1,13.711309200802088
2021-02-10 17:00:00,34735,214,-9,2569,221,7217,2,-8,3,14.628738838327793
2021-02-11 17:00:00,34933,198,-253,2660,445,6964,6,-12,-2,14.071247279470288
2021-02-12 17:00:00,35048,115,-171,2445,284,6793,2,1,-2,10.723805294763608
2021-02-13 17:00:00,35285,237,-76,2459,311,6717,2,-7,-1,15.394804318340652
2021-02-14 17:00:00,35436,151,35,2271,111,6752,5,-11,0,12.288205727444508
2021-02-15 17:00:00,35564,128,-6,1406,132,6746,2,-11,0,11.313708498984761
2021-02-16 17:00:00,35685,121,-86,2171,206,6660,1,2,-2,11.0
2021-02-17 17:00:00,35855,170,-129,2567,292,6531,7,-18,-2,13.038404810405298
2021-02-18 17:00:00,36021,166,-66,2069,230,6465,2,-6,2,12.884098726725126
2021-02-19 17:00:00,36198,177,35,2090,138,6500,4,0,-5,13.30413469565007
2021-02-20 17:00:00,36416,218,98,2439,118,6598,2,-10,0,14.7648230602334
2021-02-21 17:00:00,36586,170,-231,1783,400,6367,1,4,1,13.038404810405298
2021-02-22 17:00:00,36704,118,-25,1312,142,6342,1,9,3,10.862780491200215
2021-02-23 17:00:00,36820,116,-144,2081,259,6198,1,5,0,10.770329614269007
2021-02-24 17:00:00,37098,278,-29,2462,304,6169,3,-1,0,16.673332000533065
2021-02-25 17:00:00,37292,194,-35,2454,226,6134,3,6,-2,13.92838827718412
2021-02-26 17:00:00,37533,241,105,3008,133,6239,3,3,2,15.524174696260024
2021-02-27 17:00:00,37720,187,65,2444,119,6304,3,-2,1,13.674794331177344
2021-02-28 17:00:00,37880,160,-40,1767,197,6264,3,3,0,12.649110640673518
2021-03-01 17:00:00,38031,151,9,1454,137,6273,5,6,-1,12.288205727444508
2021-03-02 17:00:00,38133,102,-8,2081,105,6265,5,-1,1,10.099504938362077
2021-03-03 17:00:00,38363,230,-6,2953,232,6259,4,6,0,15.165750888103101
2021-03-04 17:00:00,38589,226,95,2664,128,6354,3,1,1,15.033296378372908
2021-03-05 17:00:00,38849,260,33,2957,227,6387,0,9,2,16.1245154965971
2021-03-06 17:00:00,39142,293,198,2832,91,6585,4,7,1,17.11724276862369
2021-03-07 17:00:00,39370,228,64,2809,163,6649,1,-1,6,15.0996688705415
2021-03-08 17:00:00,39459,89,-28,1253,116,6621,1,4,2,9.433981132056603
2021-03-09 17:00:00,39608,149,-15,2370,161,6606,3,10,3,12.206555615733702
2021-03-10 17:00:00,39891,283,162,2872,118,6768,3,5,-2,16.822603841260722
