data,totale_casi,positivi,netto_positivi,tamponi,guariti,totale_positivi,morti,sintomi,intensiva,diagnostico,screening,delta_positivi
2020-10-01 17:00:00,13132,390,283,8311,107,6396,0,7,-1,378,12,19.748417658131498
2020-10-02 17:00:00,13524,392,349,8482,42,6745,1,18,1,381,11,19.79898987322333
2020-10-03 17:00:00,13925,401,297,7498,103,7042,1,-5,1,386,15,20.024984394500787
2020-10-04 17:00:00,14337,412,358,7250,54,7400,0,16,1,366,46,20.29778313018444
2020-10-05 17:00:00,14768,431,309,4867,121,7709,1,13,2,398,33,20.760539492026695
2020-10-06 17:00:00,15163,395,268,5064,125,7977,2,25,4,374,21,19.87460691435179
2020-10-07 17:00:00,15707,544,366,7504,177,8343,1,32,5,519,25,23.323807579381203
2020-10-08 17:00:00,16464,757,607,9925,149,8950,1,28,3,747,10,27.51363298439521
2020-10-09 17:00:00,17233,769,647,9549,117,9597,5,28,8,748,21,27.730849247724095
2020-10-10 17:00:00,17897,664,594,9031,68,10191,2,59,0,640,24,25.768197453450252
2020-10-11 17:00:00,18530,633,503,9232,128,10694,2,29,-2,609,24,25.15949125081825
2020-10-12 17:00:00,19192,662,532,7405,130,11226,0,21,3,589,73,25.729360660537214
2020-10-13 17:00:00,19827,635,552,7720,77,11778,6,9,-2,603,32,25.199206336708304
2020-10-14 17:00:00,20645,818,665,11396,151,12443,2,41,-1,795,23,28.600699292150182
2020-10-15 17:00:00,21772,1127,801,13780,317,13244,9,27,5,1084,43,33.57082066318904
2020-10-16 17:00:00,23033,1261,1110,14222,148,14354,3,24,1,1243,18,35.510561809129406
2020-10-17 17:00:00,24443,1410,1336,14704,74,15690,0,31,8,1380,30,37.54996671103717
2020-10-18 17:00:00,25819,1376,1175,14256,199,16865,2,32,3,1353,23,37.094473981982816
2020-10-19 17:00:00,27412,1593,1449,12695,123,18314,21,35,7,1536,57,39.91240408695021
2020-10-20 17:00:00,28724,1312,1144,10205,156,19458,12,62,6,1282,30,36.22154055254967
2020-10-21 17:00:00,30484,1760,1643,13878,106,21101,11,50,-6,1730,30,41.95235392680606
2020-10-22 17:00:00,32025,1541,1460,12001,75,22561,6,41,9,1517,24,39.25557285278104
2020-10-23 17:00:00,34305,2280,2074,15801,194,24635,12,53,4,2244,36,47.74934554525329
2020-10-24 17:00:00,36023,1718,1668,12530,42,26303,8,28,10,1682,36,41.44876355212541
2020-10-25 17:00:00,38613,2590,2417,16906,173,28720,0,33,5,2543,47,50.89204259999789
2020-10-26 17:00:00,40594,1981,1955,11569,10,30675,16,40,10,1928,53,44.50842616853577
2020-10-27 17:00:00,43355,2761,2166,14781,575,32841,20,19,17,2677,84,52.54521862167861
2020-10-28 17:00:00,45782,2427,2045,15030,365,34886,17,25,20,2379,48,49.26459174701441
2020-10-29 17:00:00,48885,3103,2818,17735,265,37704,20,62,4,3065,38,55.70457790882182
2020-10-30 17:00:00,52071,3186,2646,18656,525,40350,15,88,-3,3170,16,56.444663166680336
2020-10-31 17:00:00,55740,3669,3380,20860,275,43730,14,18,7,3650,19,60.572270883631234
2020-11-01 17:00:00,59600,3860,3448,21785,409,47178,3,13,2,3860,0,62.12889826803627
2020-11-02 17:00:00,62461,2861,1592,15632,1245,48770,24,70,1,2852,9,53.48831648126533
2020-11-03 17:00:00,65432,2971,1949,13801,998,50719,24,11,56,2967,4,54.506880299646575
2020-11-04 17:00:00,69613,4181,3769,21684,397,54488,15,72,-52,4177,4,64.66065264130884
2020-11-05 17:00:00,73501,3888,3560,19568,311,58048,17,39,-1,3888,0,62.353829072479584
2020-11-06 17:00:00,78009,4508,4148,23897,320,62196,40,69,6,4494,14,67.14164132637808
2020-11-07 17:00:00,82318,4309,3310,22696,984,65506,15,79,-1,4306,3,65.64297372910524
2020-11-08 17:00:00,86919,4601,4146,25806,440,69652,15,61,7,4594,7,67.83067152844649
2020-11-09 17:00:00,90039,3120,2668,15793,434,72320,18,132,5,3120,0,55.85696017507576
2020-11-10 17:00:00,92755,2716,1908,14290,790,74228,18,112,2,2716,0,52.11525688318153
2020-11-11 17:00:00,95921,3166,2442,18446,690,76670,34,16,-12,3135,31,56.2672195865408
2020-11-12 17:00:00,99986,4065,3389,23840,645,80059,31,-133,11,4051,14,63.75735251718032
2020-11-13 17:00:00,104065,4079,3161,25510,878,83220,40,209,-9,4079,0,63.86704940734306
2020-11-14 17:00:00,107416,3351,2026,20662,1298,85246,27,-73,1,3351,0,57.88782255362521
2020-11-15 17:00:00,111187,3771,3011,24948,725,88257,35,144,10,3771,0,61.40846847137616
2020-11-16 17:00:00,115266,4079,3257,25110,785,91514,37,-34,-2,4072,7,63.86704940734306
2020-11-17 17:00:00,118285,3019,1212,16178,1788,92726,19,46,9,3019,0,54.945427471264615
2020-11-18 17:00:00,121942,3657,2413,23479,1169,95139,75,23,-1,3657,0,60.473134530963414
2020-11-19 17:00:00,125276,3334,1047,23496,2255,96186,32,28,-6,3334,0,57.7408001330082
2020-11-20 17:00:00,129502,4226,2806,27649,1395,98992,25,-43,7,4216,10,65.00769185258002
2020-11-21 17:00:00,133056,3554,2143,24692,1379,101135,32,16,-3,3554,0,59.61543424315552
2020-11-22 17:00:00,136273,3217,2346,24332,850,103481,21,-42,3,3212,5,56.71860364994893
2020-11-23 17:00:00,138431,2158,28,15739,2091,103509,39,113,0,2148,10,46.45427859734774
2020-11-24 17:00:00,140195,1764,-658,13744,2344,102851,78,-57,0,1437,327,42.0
2020-11-25 17:00:00,143010,2815,-703,23130,3471,102148,47,8,-9,2812,3,53.056573579529235
2020-11-26 17:00:00,146018,3008,1236,23761,1723,103384,49,-70,8,2998,10,54.84523680320835
2020-11-27 17:00:00,148942,2924,598,22301,2263,103982,63,-24,-16,2923,1,54.0740233383831
2020-11-28 17:00:00,151671,2729,401,22007,2279,104383,49,-24,2,2729,0,52.23983154643591
2020-11-29 17:00:00,153693,2022,403,19063,1583,104786,36,1,-3,2021,1,44.96665431183423
2020-11-30 17:00:00,155319,1626,-259,14286,1843,104527,42,-24,-1,1623,3,40.32369030731191
