data,totale_casi,positivi,netto_positivi,tamponi,guariti,totale_positivi,morti,sintomi,intensiva,diagnostico,screening,delta_positivi
2020-10-01 17:00:00,35414,103,1,8418,102,4654,0,1,0,52,51,10.14889156509222
2020-10-02 17:00:00,35577,163,23,13054,140,4677,0,-5,-3,77,86,12.767145334803704
2020-10-03 17:00:00,35743,167,113,9867,52,4790,1,-1,0,91,75,12.922847983320086
2020-10-04 17:00:00,35922,179,164,7058,14,4954,1,12,0,83,96,13.379088160259652
2020-10-05 17:00:00,36089,167,92,5008,74,5046,1,1,0,83,84,12.922847983320086
2020-10-06 17:00:00,36261,172,108,11386,61,5154,3,-1,2,91,81,13.114877048604
2020-10-07 17:00:00,36454,193,141,14881,51,5295,1,11,1,98,95,13.892443989449804
2020-10-08 17:00:00,36638,184,129,11695,54,5424,1,9,-1,113,71,13.564659966250536
2020-10-09 17:00:00,36914,276,185,10747,90,5609,1,-6,1,150,126,16.61324772583615
2020-10-10 17:00:00,37297,383,367,13779,15,5976,1,15,2,221,162,19.570385790780925
2020-10-11 17:00:00,37681,384,373,8660,10,6349,1,13,7,213,171,19.595917942265423
2020-10-12 17:00:00,38018,337,324,6660,12,6673,1,30,2,205,132,18.35755975068582
2020-10-13 17:00:00,38356,341,203,13344,133,6876,2,39,6,182,156,18.466185312619388
2020-10-14 17:00:00,38695,339,272,15607,63,7148,4,60,4,179,160,18.411952639521967
2020-10-15 17:00:00,39148,453,373,12631,79,7521,1,9,14,242,211,21.283796653792763
2020-10-16 17:00:00,39692,544,512,13563,31,8033,1,12,12,292,252,23.323807579381203
2020-10-17 17:00:00,40333,641,616,13313,20,8649,5,23,4,359,282,25.317977802344327
2020-10-18 17:00:00,40859,526,514,9189,6,9163,6,12,2,306,220,22.93468988235943
2020-10-19 17:00:00,41410,552,507,8026,41,9670,3,42,3,295,256,23.49468024894146
2020-10-20 17:00:00,41917,507,498,16549,4,10168,5,50,8,291,216,22.516660498395403
2020-10-21 17:00:00,42588,671,632,17165,31,10800,8,65,8,366,305,25.903667693977237
2020-10-22 17:00:00,43477,889,863,16179,20,11663,6,40,0,403,486,29.816103031751148
2020-10-23 17:00:00,44365,888,851,15978,27,12514,10,21,0,416,472,29.79932885150268
2020-10-24 17:00:00,45542,1180,1128,17612,39,13642,10,66,3,560,617,34.351128074635334
2020-10-25 17:00:00,46734,1192,1186,9644,2,14828,4,34,-1,556,636,34.52535300326414
2020-10-26 17:00:00,47877,1146,941,12083,199,15769,3,59,5,478,665,33.85262175962151
2020-10-27 17:00:00,49285,1413,1311,21401,82,17080,15,118,10,637,771,37.589892258425
2020-10-28 17:00:00,50494,1212,1150,21376,45,18230,14,65,16,628,581,34.813790371058424
2020-10-29 17:00:00,52038,1545,1483,21860,53,19713,8,55,4,804,740,39.30648801406709
2020-10-30 17:00:00,53797,1763,1708,17577,40,21421,11,103,-4,831,928,41.98809355043403
2020-10-31 17:00:00,55841,2046,1792,18943,233,23213,19,66,6,1082,962,45.232731511594565
2020-11-01 17:00:00,57597,1758,1704,12039,36,24917,16,44,7,855,901,41.92851058647326
2020-11-02 17:00:00,59249,1652,1575,10299,60,26492,17,115,6,863,789,40.64480286580315
2020-11-03 17:00:00,61158,1912,1856,23700,30,28348,23,82,15,951,958,43.726422218150894
2020-11-04 17:00:00,62914,1758,1626,18401,118,29974,12,90,8,859,897,41.92851058647326
2020-11-05 17:00:00,65091,2180,2002,20332,162,31976,13,34,16,1023,1154,46.69047011971501
2020-11-06 17:00:00,67041,1953,1754,20847,156,33730,40,85,0,1019,931,44.19275958796871
2020-11-07 17:00:00,69049,2009,1919,20218,60,35649,29,50,11,1067,941,44.82186966202994
2020-11-08 17:00:00,71408,2360,2203,12950,121,37852,35,113,6,907,1452,48.579831205964474
2020-11-09 17:00:00,73432,2025,1778,12471,238,39630,8,103,10,1196,828,45.0
2020-11-10 17:00:00,75855,2430,2150,22539,252,41780,21,81,11,1176,1247,49.29503017546495
2020-11-11 17:00:00,78283,2428,2111,20674,286,43891,31,52,7,1136,1292,49.27473997901968
2020-11-12 17:00:00,80684,2402,2133,20310,219,46024,49,22,6,1137,1264,49.01020301937138
2020-11-13 17:00:00,83068,2384,2132,20512,212,48156,40,70,-3,1229,1155,48.82622246293481
2020-11-14 17:00:00,85699,2637,2406,21448,182,50562,43,79,6,1417,1214,51.35172830587107
2020-11-15 17:00:00,88520,2822,2639,12562,146,53201,36,42,15,1328,1493,53.1224999411737
2020-11-16 17:00:00,91066,2547,2228,14442,295,55429,23,108,1,1352,1194,50.46781152378217
2020-11-17 17:00:00,93285,2219,1839,22381,332,57268,48,58,0,1235,984,47.10626285325551
2020-11-18 17:00:00,95654,2371,2051,20732,265,59319,53,-2,-3,1211,1158,48.692915295759406
2020-11-19 17:00:00,97814,2160,1690,18930,420,61009,50,40,0,1174,986,46.475800154489
2020-11-20 17:00:00,100344,2533,1925,22307,558,62934,47,45,0,1497,1033,50.32891812864648
2020-11-21 17:00:00,103064,2723,2146,19697,527,65080,47,60,-3,1454,1266,52.182372502598994
2020-11-22 17:00:00,105729,2665,2194,13114,433,67274,38,72,8,1354,1311,51.62363799656123
2020-11-23 17:00:00,108073,2347,2106,11558,204,69380,34,72,-1,1187,1157,48.4458460551573
2020-11-24 17:00:00,110571,2501,1964,19602,479,71344,55,-15,-5,1387,1111,50.00999900019995
2020-11-25 17:00:00,112700,2130,1182,18498,893,72526,54,40,6,1020,1109,46.151923036857305
2020-11-26 17:00:00,114855,2157,-1054,17264,3154,71472,55,-84,9,1196,959,46.44351407893249
2020-11-27 17:00:00,117019,2165,-1183,21304,3281,70289,66,-6,-8,1052,1112,46.52956049652737
2020-11-28 17:00:00,119184,2172,-506,17241,2601,69783,70,0,-5,1161,1004,46.604720790924176
2020-11-29 17:00:00,121032,1850,446,13434,1372,70229,30,-5,0,783,1065,43.01162633521314
2020-11-30 17:00:00,123073,2041,1505,10992,497,71734,39,87,4,852,1189,45.17742799230607
