data,totale_casi,positivi,netto_positivi,tamponi,guariti,totale_positivi,morti,sintomi,intensiva,diagnostico,screening,delta_positivi
2020-10-01 17:00:00,4723,57,41,4312,16,759,0,1,-2,41,16,7.54983443527075
2020-10-02 17:00:00,4789,66,34,4683,30,793,2,-2,-2,57,9,8.12403840463596
2020-10-03 17:00:00,4840,51,35,3900,16,828,0,-1,3,46,5,7.14142842854285
2020-10-04 17:00:00,4890,50,23,2368,27,851,0,1,0,45,5,7.0710678118654755
2020-10-05 17:00:00,4911,21,17,1152,4,868,0,5,0,16,5,4.58257569495584
2020-10-06 17:00:00,4962,51,40,3048,9,908,2,1,0,45,6,7.14142842854285
2020-10-07 17:00:00,5034,72,37,5174,35,945,0,2,1,68,4,8.48528137423857
2020-10-08 17:00:00,5144,110,75,4953,35,1020,0,-3,0,100,10,10.488088481701515
2020-10-09 17:00:00,5290,146,121,4307,25,1141,0,0,0,121,25,12.083045973594572
2020-10-10 17:00:00,5416,126,103,4269,23,1244,0,0,0,123,3,11.224972160321824
2020-10-11 17:00:00,5513,97,79,1694,17,1323,1,-1,-1,95,2,9.848857801796104
2020-10-12 17:00:00,5572,59,49,1696,10,1372,0,0,0,59,0,7.681145747868608
2020-10-13 17:00:00,5610,38,32,2747,6,1404,0,5,5,35,3,6.164414002968976
2020-10-14 17:00:00,5792,182,150,6030,32,1554,0,1,1,179,3,13.490737563232042
2020-10-15 17:00:00,5928,136,93,5027,41,1647,2,4,0,128,8,11.661903789690601
2020-10-16 17:00:00,6093,165,152,5327,12,1799,1,13,1,150,15,12.84523257866513
2020-10-17 17:00:00,6260,167,140,4340,27,1939,0,4,1,160,7,12.922847983320086
2020-10-18 17:00:00,6415,155,142,2295,11,2081,2,7,1,145,10,12.449899597988733
2020-10-19 17:00:00,6505,90,87,1281,0,2168,3,6,-1,90,0,9.486832980505138
2020-10-20 17:00:00,6636,131,-236,3915,365,1932,2,3,1,98,33,11.445523142259598
2020-10-21 17:00:00,6855,219,174,4627,44,2106,1,11,2,191,28,14.798648586948742
2020-10-22 17:00:00,7075,220,119,5510,100,2225,1,7,-2,184,36,14.832396974191326
2020-10-23 17:00:00,7415,340,252,5301,87,2477,1,5,5,302,38,18.439088914585774
2020-10-24 17:00:00,7827,412,299,6521,110,2776,3,12,-3,320,92,20.29778313018444
2020-10-25 17:00:00,8161,334,251,3800,81,3027,2,12,7,263,71,18.275666882497067
2020-10-26 17:00:00,8495,334,258,3087,73,3285,3,7,4,311,23,18.275666882497067
2020-10-27 17:00:00,8736,241,160,4422,80,3445,1,20,4,200,41,15.524174696260024
2020-10-28 17:00:00,9142,406,287,5573,115,3732,4,7,4,322,84,20.149441679609886
2020-10-29 17:00:00,9610,468,376,5659,87,4108,5,6,-1,401,67,21.633307652783937
2020-10-30 17:00:00,10115,505,427,6017,71,4535,7,9,1,410,95,22.47220505424423
2020-10-31 17:00:00,10841,726,597,6262,126,5132,3,6,1,611,115,26.94438717061496
2020-11-01 17:00:00,11244,403,244,3740,158,5376,1,13,2,351,52,20.074859899884732
2020-11-02 17:00:00,11462,218,177,2557,36,5553,5,-1,-1,165,53,14.7648230602334
2020-11-03 17:00:00,11828,366,205,5233,153,5758,8,26,2,330,36,19.131126469708992
2020-11-04 17:00:00,12264,436,223,5033,210,5981,3,10,1,331,105,20.8806130178211
2020-11-05 17:00:00,12810,546,398,5445,139,6379,9,53,4,450,96,23.366642891095847
2020-11-06 17:00:00,13352,542,376,6552,154,6755,12,-8,0,418,124,23.280893453645632
2020-11-07 17:00:00,14224,872,605,8692,260,7360,7,26,1,711,161,29.5296461204668
2020-11-08 17:00:00,14728,504,281,4486,214,7641,9,15,0,401,103,22.44994432064365
2020-11-09 17:00:00,15048,320,191,2324,124,7832,5,18,1,293,27,17.88854381999832
2020-11-10 17:00:00,15530,482,9,6438,453,7841,20,17,1,402,80,21.95449840010015
2020-11-11 17:00:00,16102,572,324,6171,235,8165,13,10,-1,478,94,23.916521486202797
2020-11-12 17:00:00,16940,838,482,7529,347,8647,9,0,1,715,123,28.948229652260256
2020-11-13 17:00:00,17771,831,504,7121,319,9151,8,20,0,703,128,28.827070610799147
2020-11-14 17:00:00,18329,558,378,5271,170,9529,10,12,-2,438,120,23.62202362203543
2020-11-15 17:00:00,18937,608,398,4505,198,9927,12,23,-2,462,146,24.657656011875904
2020-11-16 17:00:00,19393,456,128,3411,310,10055,18,6,4,379,77,21.354156504062622
2020-11-17 17:00:00,19929,536,366,5926,160,10421,10,47,-3,400,136,23.15167380558045
2020-11-18 17:00:00,20725,796,333,7301,452,10754,11,16,5,608,188,28.21347195933177
2020-11-19 17:00:00,21922,1197,891,6680,293,11645,13,15,-1,893,304,34.597687784012386
2020-11-20 17:00:00,22940,1018,530,7522,460,12175,28,20,6,867,151,31.906112267087632
2020-11-21 17:00:00,23983,1043,582,7258,436,12757,25,4,1,892,151,32.29551052391029
2020-11-22 17:00:00,24658,675,294,6024,368,13051,13,36,1,569,106,25.98076211353316
2020-11-23 17:00:00,25035,377,154,2916,196,13205,27,20,-1,346,31,19.4164878389476
2020-11-24 17:00:00,25589,554,142,5864,386,13347,26,-4,-1,484,70,23.53720459187964
2020-11-25 17:00:00,26285,696,189,6910,491,13536,16,27,0,594,102,26.38181191654584
2020-11-26 17:00:00,27099,814,286,7626,502,13822,26,11,1,700,114,28.53068523537421
2020-11-27 17:00:00,27963,864,433,7284,396,14255,35,-5,0,761,103,29.393876913398138
2020-11-28 17:00:00,29395,1432,-259,15001,1666,13996,25,10,-2,1369,63,37.841775856849004
2020-11-29 17:00:00,30075,680,313,3298,351,14309,16,16,4,613,67,26.076809620810597
2020-11-30 17:00:00,30650,575,206,6980,348,14515,21,13,-2,510,65,23.979157616563597
