data,totale_casi,positivi,netto_positivi,tamponi,guariti,totale_positivi,morti,sintomi,intensiva,diagnostico,screening,delta_positivi
2020-10-01 17:00:00,7983,28,18,2137,10,813,0,-4,4,28,0,5.291502622129181
2020-10-02 17:00:00,8025,42,31,2119,11,844,0,1,-2,42,0,6.48074069840786
2020-10-03 17:00:00,8084,59,52,2059,6,896,1,-2,2,59,0,7.681145747868608
2020-10-04 17:00:00,8143,59,45,1862,13,941,1,1,0,59,0,7.681145747868608
2020-10-05 17:00:00,8165,22,13,712,9,954,0,4,0,22,0,4.69041575982343
2020-10-06 17:00:00,8200,35,28,1562,7,982,0,1,0,35,0,5.916079783099616
2020-10-07 17:00:00,8284,84,70,2517,14,1052,0,2,-1,84,0,9.16515138991168
2020-10-08 17:00:00,8350,66,55,2062,11,1107,0,3,0,66,0,8.12403840463596
2020-10-09 17:00:00,8399,49,38,2295,11,1145,0,3,-2,49,0,7.0
2020-10-10 17:00:00,8485,86,58,2398,28,1203,0,4,0,86,0,9.273618495495704
2020-10-11 17:00:00,8593,108,100,2385,8,1303,0,3,3,108,0,10.392304845413264
2020-10-12 17:00:00,8630,37,26,837,11,1329,0,6,-1,37,0,6.082762530298219
2020-10-13 17:00:00,8712,82,66,1525,16,1395,0,10,1,82,0,9.055385138137417
2020-10-14 17:00:00,8878,166,142,3082,24,1537,0,4,2,166,0,12.884098726725126
2020-10-15 17:00:00,9018,140,127,2674,13,1664,0,-3,1,140,0,11.832159566199232
2020-10-16 17:00:00,9133,115,90,2198,25,1754,0,12,1,115,0,10.723805294763608
2020-10-17 17:00:00,9254,121,108,2194,13,1862,0,4,0,121,0,11.0
2020-10-18 17:00:00,9458,204,183,2542,18,2045,3,11,3,204,0,14.2828568570857
2020-10-19 17:00:00,9556,98,73,1217,25,2118,0,9,3,98,0,9.899494936611665
2020-10-20 17:00:00,9645,89,64,1882,24,2182,1,2,3,89,0,9.433981132056603
2020-10-21 17:00:00,9871,226,195,2540,30,2377,1,16,0,226,0,15.033296378372908
2020-10-22 17:00:00,10192,321,247,3776,73,2624,1,18,0,321,0,17.916472867168917
2020-10-23 17:00:00,10645,453,425,4317,26,3049,2,19,3,453,0,21.283796653792763
2020-10-24 17:00:00,10919,274,250,2713,23,3299,1,26,1,274,0,16.55294535724685
2020-10-25 17:00:00,11440,521,427,3387,92,3726,2,0,0,521,0,22.825424421026653
2020-10-26 17:00:00,11678,238,196,1061,41,3922,1,49,3,238,0,15.427248620541512
2020-10-27 17:00:00,12058,380,303,2705,75,4225,2,23,2,380,0,19.493588689617926
2020-10-28 17:00:00,12409,351,301,3046,48,4526,2,0,4,351,0,18.734993995195193
2020-10-29 17:00:00,13095,686,610,3915,75,5136,1,-3,7,606,80,26.19160170741759
2020-10-30 17:00:00,13619,524,505,3565,15,5641,4,15,0,539,-15,22.891046284519195
2020-10-31 17:00:00,14121,502,464,3195,32,6105,6,13,8,451,51,22.40535650240808
2020-11-01 17:00:00,14804,683,618,3024,63,6723,2,52,-5,649,34,26.13426869074396
2020-11-02 17:00:00,15177,373,319,1773,50,7042,4,7,8,346,27,19.313207915827967
2020-11-03 17:00:00,15608,431,375,2540,50,7417,6,40,3,421,10,20.760539492026695
2020-11-04 17:00:00,16261,653,581,3653,71,7998,1,24,1,659,-6,25.553864678361276
2020-11-05 17:00:00,16959,698,629,3349,67,8627,2,23,2,679,19,26.419689627245813
2020-11-06 17:00:00,17656,697,613,3842,81,9240,3,23,4,641,56,26.40075756488817
2020-11-07 17:00:00,18287,631,587,3603,36,9827,8,10,7,637,-6,25.11971337416094
2020-11-08 17:00:00,18789,502,414,2946,83,10241,5,39,2,563,-61,22.40535650240808
2020-11-09 17:00:00,19051,262,210,1266,45,10451,7,26,2,340,-78,16.186414056238647
2020-11-10 17:00:00,19555,504,438,2608,56,10889,10,6,4,465,39,22.44994432064365
2020-11-11 17:00:00,20256,701,625,3656,66,11514,10,11,-1,695,6,26.476404589747453
2020-11-12 17:00:00,21090,834,698,4186,130,12212,6,0,0,730,104,28.879058156387302
2020-11-13 17:00:00,21830,740,622,3588,107,12834,11,23,0,670,70,27.202941017470888
2020-11-14 17:00:00,22609,779,585,4275,186,13419,8,-75,0,1000,-221,27.910571473905726
2020-11-15 17:00:00,23316,707,630,3819,68,14049,9,-1,3,700,7,26.589471600616662
2020-11-16 17:00:00,23598,282,162,1620,112,14211,8,16,1,200,82,16.792855623746664
2020-11-17 17:00:00,23955,357,300,2308,46,14511,11,26,0,555,-198,18.894443627691185
2020-11-18 17:00:00,24434,479,242,4802,228,14753,9,2,1,-5361,5840,21.88606862823929
2020-11-19 17:00:00,25101,667,103,3795,553,14856,11,-1,-1,592,75,25.826343140289914
2020-11-20 17:00:00,25613,512,121,3367,380,14977,11,16,3,512,0,22.627416997969522
2020-11-21 17:00:00,26065,452,145,3032,300,15122,7,2,5,356,96,21.2602916254693
2020-11-22 17:00:00,26594,529,245,3282,272,15367,12,-2,2,341,188,23.0
2020-11-23 17:00:00,26755,161,95,1239,58,15462,8,8,2,152,9,12.68857754044952
2020-11-24 17:00:00,27106,351,255,2254,83,15717,13,5,-1,251,100,18.734993995195193
2020-11-25 17:00:00,27554,448,314,3763,124,16031,10,23,5,398,50,21.166010488516726
2020-11-26 17:00:00,28073,519,378,2905,131,16409,10,8,-4,449,70,22.781571499789035
2020-11-27 17:00:00,28563,490,434,2001,47,16843,9,-22,1,417,73,22.135943621178654
2020-11-28 17:00:00,29036,473,400,2971,61,17243,12,7,-6,373,100,21.748563170931547
2020-11-29 17:00:00,29554,518,453,3451,52,17696,13,27,0,7119,-6601,22.759613353482084
2020-11-30 17:00:00,29806,252,220,1913,23,17916,9,-13,2,-6349,6601,15.874507866387544
