data,totale_casi,positivi,netto_positivi,tamponi,guariti,totale_positivi,morti,sintomi,intensiva,diagnostico,screening,delta_positivi
2020-10-01 17:00:00,3568,29,21,1734,8,582,0,0,0,29,0,5.385164807134504
2020-10-02 17:00:00,3589,21,5,1749,16,587,0,0,0,21,0,4.58257569495584
2020-10-03 17:00:00,3613,24,17,1368,7,604,0,0,0,24,0,4.898979485566356
2020-10-04 17:00:00,3645,32,12,1106,20,616,0,0,0,32,0,5.656854249492381
2020-10-05 17:00:00,3662,17,11,829,6,627,0,-7,0,17,0,4.123105625617661
2020-10-06 17:00:00,3679,17,3,1002,14,630,0,0,0,17,0,4.123105625617661
2020-10-07 17:00:00,3734,55,37,1642,18,667,0,0,1,55,0,7.416198487095663
2020-10-08 17:00:00,3803,69,59,1897,10,726,0,9,0,69,0,8.306623862918075
2020-10-09 17:00:00,3888,85,71,1530,14,797,0,5,1,85,0,9.219544457292887
2020-10-10 17:00:00,3980,92,76,1880,16,873,0,0,0,92,0,9.591663046625438
2020-10-11 17:00:00,4064,84,67,1599,16,940,1,0,-1,84,0,9.16515138991168
2020-10-12 17:00:00,4109,45,33,1047,12,973,0,7,1,45,0,6.708203932499369
2020-10-13 17:00:00,4143,34,21,683,13,994,0,12,1,34,0,5.830951894845301
2020-10-14 17:00:00,4267,124,124,1573,0,1118,0,0,0,124,0,11.135528725660043
2020-10-15 17:00:00,4365,98,75,1743,23,1193,0,6,0,98,0,9.899494936611665
2020-10-16 17:00:00,4493,128,110,2152,18,1303,0,6,3,128,0,11.313708498984761
2020-10-17 17:00:00,4648,155,141,1714,14,1444,0,0,0,155,0,12.449899597988733
2020-10-18 17:00:00,4819,171,163,1979,8,1607,0,1,1,171,0,13.076696830622021
2020-10-19 17:00:00,4904,85,83,1279,1,1690,1,0,0,85,0,9.219544457292887
2020-10-20 17:00:00,5113,209,204,1819,4,1894,1,29,0,209,0,14.45683229480096
2020-10-21 17:00:00,5302,189,186,1884,2,2080,1,0,0,189,0,13.74772708486752
2020-10-22 17:00:00,5549,247,238,2294,9,2318,0,10,1,247,0,15.716233645501712
2020-10-23 17:00:00,5818,269,264,2824,5,2582,0,0,0,269,0,16.401219466856727
2020-10-24 17:00:00,6095,277,274,2209,3,2856,0,27,4,277,0,16.64331697709324
2020-10-25 17:00:00,6434,339,331,2753,8,3187,0,14,-1,339,0,18.411952639521967
2020-10-26 17:00:00,6755,321,314,2510,4,3501,3,5,1,321,0,17.916472867168917
2020-10-27 17:00:00,6997,242,237,1772,4,3738,1,17,0,242,0,15.556349186104045
2020-10-28 17:00:00,7187,190,183,2062,3,3921,4,12,3,190,0,13.784048752090222
2020-10-29 17:00:00,7485,298,296,2566,0,4217,2,12,0,298,0,17.26267650163207
2020-10-30 17:00:00,7835,350,344,2528,4,4561,2,40,3,350,0,18.708286933869708
2020-10-31 17:00:00,8382,547,539,3099,4,5100,4,4,0,547,0,23.388031127053
2020-11-01 17:00:00,8916,534,531,2831,0,5631,3,36,-1,534,0,23.108440016582687
2020-11-02 17:00:00,9353,437,429,2279,4,6060,4,20,6,437,0,20.904544960366874
2020-11-03 17:00:00,9848,495,492,2546,2,6552,1,-6,5,495,0,22.24859546128699
2020-11-04 17:00:00,10097,249,244,1857,3,6796,2,22,5,249,0,15.7797338380595
2020-11-05 17:00:00,10859,762,752,4036,6,7548,4,26,0,762,0,27.60434748368452
2020-11-06 17:00:00,11572,713,-502,2961,1211,7046,4,21,2,713,0,26.70205984563738
2020-11-07 17:00:00,12345,773,434,3460,332,7480,7,5,1,773,0,27.80287754891569
2020-11-08 17:00:00,13126,781,507,2998,270,7987,4,37,3,781,0,27.94637722496424
2020-11-09 17:00:00,13709,583,427,2241,152,8414,4,13,2,583,0,24.145392935299274
2020-11-10 17:00:00,14084,375,249,1852,121,8663,5,16,-4,375,0,19.364916731037084
2020-11-11 17:00:00,14470,386,222,2658,155,8885,9,0,0,386,0,19.6468827043885
2020-11-12 17:00:00,15164,694,350,3437,338,9235,6,21,5,694,0,26.343879744638983
2020-11-13 17:00:00,15984,820,479,3183,332,9714,9,5,-1,820,0,28.635642126552707
2020-11-14 17:00:00,16674,690,345,2865,340,10059,5,3,3,690,0,26.267851073127396
2020-11-15 17:00:00,17302,628,231,2926,378,10290,19,23,-1,628,0,25.059928172283335
2020-11-16 17:00:00,17846,544,278,2108,259,10568,7,8,0,544,0,23.323807579381203
2020-11-17 17:00:00,18104,258,133,1340,116,10701,9,-5,1,258,0,16.06237840420901
2020-11-18 17:00:00,18685,581,200,3468,370,10901,11,-1,-5,581,0,24.1039415863879
2020-11-19 17:00:00,19381,696,303,3041,380,11204,13,-12,0,696,0,26.38181191654584
2020-11-20 17:00:00,20117,736,307,3286,421,11511,8,-1,-1,736,0,27.129319932501073
2020-11-21 17:00:00,20665,548,164,2910,368,11675,16,-18,1,548,0,23.40939982143925
2020-11-22 17:00:00,21200,535,-51,2889,579,11624,7,3,-1,535,0,23.130067012440755
2020-11-23 17:00:00,21460,260,-9,1468,264,11615,5,20,0,260,0,16.1245154965971
2020-11-24 17:00:00,21620,160,41,1414,103,11656,16,-14,2,160,0,12.649110640673518
2020-11-25 17:00:00,21961,341,-56,2734,389,11600,8,-17,1,341,0,18.466185312619388
2020-11-26 17:00:00,22253,292,-150,2104,431,11450,11,-8,-1,292,0,17.08800749063506
2020-11-27 17:00:00,22663,410,33,2301,366,11483,11,-20,2,410,0,20.248456731316587
2020-11-28 17:00:00,23157,494,75,2388,416,11558,3,-5,-6,494,0,22.22611077089287
2020-11-29 17:00:00,23594,437,-221,3482,651,11337,7,11,0,437,0,20.904544960366874
2020-11-30 17:00:00,23777,183,-15,1002,197,11322,1,8,1,183,0,13.527749258468683
