data,totale_casi,positivi,netto_positivi,tamponi,guariti,totale_positivi,morti,sintomi,intensiva,diagnostico,screening,delta_positivi
2020-10-01 17:00:00,7274,156,70,6637,85,2936,1,6,1,85,71,12.489995996796797
2020-10-02 17:00:00,7414,140,112,5552,26,3048,2,-4,1,95,45,11.832159566199232
2020-10-03 17:00:00,7596,182,123,6638,56,3171,3,19,-1,110,72,13.490737563232042
2020-10-04 17:00:00,7681,85,76,3498,7,3247,2,7,4,50,35,9.219544457292887
2020-10-05 17:00:00,7809,128,111,2656,15,3358,2,32,4,81,47,11.313708498984761
2020-10-06 17:00:00,8007,198,90,6754,107,3448,1,7,0,112,86,14.071247279470288
2020-10-07 17:00:00,8220,213,101,6579,108,3549,4,7,2,125,88,14.594519519326424
2020-10-08 17:00:00,8479,259,147,7374,109,3696,3,1,3,142,117,16.09347693943108
2020-10-09 17:00:00,8712,233,205,7151,24,3901,4,0,2,142,91,15.264337522473747
2020-10-10 17:00:00,8997,285,242,7741,41,4143,2,11,0,199,86,16.881943016134134
2020-10-11 17:00:00,9294,297,258,4509,38,4401,1,1,3,171,126,17.233687939614086
2020-10-12 17:00:00,9592,298,281,3892,14,4682,3,16,4,180,118,17.26267650163207
2020-10-13 17:00:00,9926,334,195,8340,137,4877,2,22,2,233,101,18.275666882497067
2020-10-14 17:00:00,10292,366,310,7021,54,5187,2,21,5,216,150,19.131126469708992
2020-10-15 17:00:00,10691,399,300,7444,92,5487,7,21,3,274,125,19.974984355438178
2020-10-16 17:00:00,11269,578,447,7709,121,5934,10,3,6,382,196,24.041630560342615
2020-10-17 17:00:00,11744,475,347,5739,126,6281,2,8,3,255,220,21.79449471770337
2020-10-18 17:00:00,12292,548,509,6390,36,6790,3,14,9,342,206,23.40939982143925
2020-10-19 17:00:00,12654,362,229,3252,130,7019,3,28,2,260,102,19.026297590440446
2020-10-20 17:00:00,13228,574,478,8131,86,7497,10,21,5,390,184,23.958297101421877
2020-10-21 17:00:00,13790,562,353,7412,198,7850,11,23,6,394,168,23.706539182259394
2020-10-22 17:00:00,14586,796,690,7732,98,8540,8,23,6,495,301,28.21347195933177
2020-10-23 17:00:00,15316,730,596,8015,123,9136,11,5,0,520,210,27.018512172212592
2020-10-24 17:00:00,16202,886,753,7147,124,9889,9,13,1,516,370,29.765752132274432
2020-10-25 17:00:00,16897,695,666,5193,18,10555,11,36,5,445,250,26.362852652928137
2020-10-26 17:00:00,17465,568,390,4976,167,10945,11,35,3,318,250,23.83275057562597
2020-10-27 17:00:00,18325,860,789,7324,61,11734,10,50,5,560,300,29.32575659723036
2020-10-28 17:00:00,19033,708,454,7499,244,12188,10,60,8,408,300,26.60826939130014
2020-10-29 17:00:00,19822,789,557,7226,219,12745,13,52,4,480,309,28.089143810376278
2020-10-30 17:00:00,20806,984,819,7293,153,13564,12,56,2,544,440,31.368774282716245
2020-10-31 17:00:00,21758,952,878,8106,56,14442,18,67,5,620,332,30.854497241083024
2020-11-01 17:00:00,22853,1095,882,8547,197,15324,16,37,10,690,405,33.090784215548595
2020-11-02 17:00:00,23877,1024,740,8034,266,16064,18,26,10,620,404,32.0
2020-11-03 17:00:00,24925,1048,742,8015,292,16806,14,47,8,548,500,32.37282811247729
2020-11-04 17:00:00,26080,1155,812,9376,324,17618,19,33,-2,600,555,33.98529093593286
2020-11-05 17:00:00,27402,1322,908,9497,389,18526,25,42,9,802,520,36.359317925395686
2020-11-06 17:00:00,28825,1423,987,9525,402,19513,34,10,2,923,500,37.72267222772003
2020-11-07 17:00:00,30188,1363,1224,8431,104,20737,35,4,10,760,603,36.91882988394946
2020-11-08 17:00:00,31271,1083,730,6894,340,21467,13,89,8,650,433,32.90896534380867
2020-11-09 17:00:00,32294,1023,472,8458,524,21939,27,53,10,620,403,31.984371183438952
2020-11-10 17:00:00,33495,1201,893,8856,276,22832,32,45,8,751,450,34.655446902326915
2020-11-11 17:00:00,34982,1487,732,9839,728,23564,27,28,7,845,642,38.561638969317684
2020-11-12 17:00:00,36674,1692,1350,9455,302,24914,40,15,3,1040,652,41.13392760240627
2020-11-13 17:00:00,38381,1707,1372,10217,300,26286,35,59,5,1190,517,41.31585652022719
2020-11-14 17:00:00,40110,1729,1520,9274,186,27806,23,12,5,1100,629,41.58124577258358
2020-11-15 17:00:00,41532,1422,1001,7416,385,28807,36,14,2,882,540,37.70941526992961
2020-11-16 17:00:00,42993,1461,958,8151,467,29765,36,25,7,810,651,38.22302970723278
2020-11-17 17:00:00,44691,1698,991,10774,668,30756,39,4,3,1100,598,41.20679555607303
2020-11-18 17:00:00,46528,1837,1346,9479,447,32102,44,23,13,1107,730,42.86023798347368
2020-11-19 17:00:00,48399,1871,1479,11470,352,33581,40,4,0,1301,570,43.255057507764334
2020-11-20 17:00:00,50033,1634,1175,10020,416,34756,43,5,2,904,730,40.422765862815474
2020-11-21 17:00:00,51871,1838,1485,9386,310,36241,43,31,0,1120,718,42.871902220452036
2020-11-22 17:00:00,53129,1258,921,6447,292,37162,45,29,-1,620,638,35.4682957019364
2020-11-23 17:00:00,54378,1249,751,7712,457,37913,41,7,2,604,645,35.34119409414458
2020-11-24 17:00:00,55684,1306,286,9963,972,38199,48,-3,0,705,601,36.138621999185304
2020-11-25 17:00:00,57001,1317,121,11433,1149,38320,47,-27,7,700,617,36.29049462324811
2020-11-26 17:00:00,58769,1768,188,11500,1531,38508,49,-29,3,1108,660,42.04759208325728
2020-11-27 17:00:00,60335,1566,575,10635,944,39083,47,-6,-3,930,636,39.57271787481876
2020-11-28 17:00:00,61524,1189,799,8777,347,39882,43,-20,-3,609,580,34.48187929913333
2020-11-29 17:00:00,62548,1024,602,8965,377,40484,45,3,-6,604,420,32.0
2020-11-30 17:00:00,63686,1138,140,8602,949,40624,49,25,-15,508,630,33.734255586866
