data,totale_casi,positivi,netto_positivi,tamponi,guariti,totale_positivi,morti,sintomi,intensiva,delta_positivi
2020-10-01 17:00:00,317409,2548,1384,118236,1140,52647,24,50,11,50.47771785649585
2020-10-02 17:00:00,319908,2499,1350,120301,1126,53997,23,45,3,49.98999899979995
2020-10-03 17:00:00,322751,2844,1569,118932,1247,55566,27,63,3,53.32916650389353
2020-10-04 17:00:00,325329,2578,1863,92714,697,57429,18,82,6,50.774009099144415
2020-10-05 17:00:00,327586,2257,1474,60241,767,58903,16,200,20,47.50789408087881
2020-10-06 17:00:00,330263,2677,1231,99742,1418,60134,28,138,-4,51.73973328110612
2020-10-07 17:00:00,333940,3678,2442,125314,1204,62576,31,157,18,60.64651680022522
2020-10-08 17:00:00,338398,4458,3376,128098,1060,65952,22,143,21,66.76825593049439
2020-10-09 17:00:00,343770,5372,4158,129471,1186,70110,28,161,29,73.29392880723478
2020-10-10 17:00:00,349494,5724,4719,133084,976,74829,29,250,3,75.65712127751095
2020-10-11 17:00:00,354950,5456,4246,104658,1184,79075,26,183,30,73.86474125047755
2020-10-12 17:00:00,359569,4619,3689,85442,891,82764,39,302,32,67.96322535018479
2020-10-13 17:00:00,365467,5901,4429,112544,1428,87193,41,255,62,76.81796664843453
2020-10-14 17:00:00,372799,7332,5252,152196,2037,92445,43,394,25,85.62709851443059
2020-10-15 17:00:00,381602,8804,6821,162932,1899,99266,83,326,47,93.8296328459192
2020-10-16 17:00:00,391611,10010,8046,150377,1908,107312,55,382,52,100.0499875062461
2020-10-17 17:00:00,402536,10925,9623,165837,1255,116935,47,439,67,104.52272480183436
2020-10-18 17:00:00,414241,11705,9302,146541,2334,126237,69,514,45,108.18964830333815
2020-10-19 17:00:00,423578,9338,7766,98862,1498,134003,73,545,47,96.63332758422428
2020-10-20 17:00:00,434449,10874,8736,144737,2046,142739,89,778,73,104.27847332982968
2020-10-21 17:00:00,449648,15199,12703,177848,2369,155442,127,603,56,123.28422445714618
2020-10-22 17:00:00,465726,16079,13860,170392,2082,169302,136,637,66,126.80299681001235
2020-10-23 17:00:00,484869,19143,16700,182032,2352,186002,91,855,57,138.35823069120246
2020-10-24 17:00:00,504509,19644,17180,177669,2309,203182,151,738,79,140.15705476357584
2020-10-25 17:00:00,525782,21273,19059,161880,2086,222241,128,719,80,145.85266538531272
2020-10-26 17:00:00,542789,17012,14443,124686,2423,236684,141,991,76,130.43005788544295
2020-10-27 17:00:00,564778,21994,18406,174398,3362,255090,221,958,127,148.3037423668061
2020-10-28 17:00:00,589766,24991,21367,198952,3416,276457,205,1026,125,158.08541994757138
2020-10-29 17:00:00,616595,26831,22734,201452,3878,299191,217,983,115,163.80170939278992
2020-10-30 17:00:00,647674,31084,26595,215085,4285,325786,199,1030,95,176.30655121123547
2020-10-31 17:00:00,679430,31758,25600,215886,5859,351386,297,972,97,178.20774393948204
2020-11-01 17:00:00,709335,29907,26743,183457,2954,378129,208,936,96,172.93640449598806
2020-11-02 17:00:00,731588,22253,18383,135731,3637,396512,233,938,83,149.17439458566608
2020-11-03 17:00:00,759829,28244,21630,182287,6258,418142,353,1274,203,168.05951326836575
2020-11-04 17:00:00,790377,30550,25093,211831,5103,443235,335,1002,67,174.78558292948534
2020-11-05 17:00:00,824879,34505,29113,219884,4961,472348,445,1140,99,185.75521526998912
2020-11-06 17:00:00,862681,37809,26770,234245,10586,499118,446,749,124,194.4453650771856
2020-11-07 17:00:00,902490,39811,33418,231673,5966,532536,425,1104,119,199.52694053686085
2020-11-08 17:00:00,935104,32616,26100,191144,6183,558636,331,1331,115,180.59900331950894
2020-11-09 17:00:00,960373,25271,14698,147725,10215,573334,356,1196,100,158.96855034880326
2020-11-10 17:00:00,995463,35098,16776,217758,17734,590110,580,997,122,187.34460227078867
2020-11-11 17:00:00,1028424,32961,23248,225640,9090,613358,623,811,110,181.55164554473197
2020-11-12 17:00:00,1066401,37978,21696,234672,15645,635054,636,429,89,194.87944991712183
2020-11-13 17:00:00,1107303,40902,28872,254908,11480,663926,550,1041,60,202.24242878288422
2020-11-14 17:00:00,1144552,37255,24509,227695,12196,688435,544,484,76,193.0155434155498
2020-11-15 17:00:00,1178529,33979,24055,195275,9376,712490,546,649,116,184.33393610510248
2020-11-16 17:00:00,1205881,27354,5294,152663,21554,717784,504,489,70,165.39044712437294
2020-11-17 17:00:00,1238072,32191,16026,208458,15434,733810,731,538,120,179.41850517714164
2020-11-18 17:00:00,1272352,34282,9358,234834,24169,743168,753,430,58,185.15398996510984
2020-11-19 17:00:00,1308528,36176,18503,250186,17020,761671,653,106,42,190.19989484749985
2020-11-20 17:00:00,1345767,37242,15505,238077,21035,777176,699,347,36,192.98186443290467
2020-11-21 17:00:00,1380531,34767,14570,237225,19502,791746,692,106,10,186.459110799124
2020-11-22 17:00:00,1408868,28337,14201,188747,13574,805947,562,216,43,168.33597357665414
2020-11-23 17:00:00,1431795,22930,-9098,148945,31395,796849,630,418,9,151.42654985173505
2020-11-24 17:00:00,1455022,23232,1537,188659,20837,798386,853,-120,6,152.4204710660612
2020-11-25 17:00:00,1480874,25853,-6689,230007,31819,791697,722,-264,32,160.7886811936711
2020-11-26 17:00:00,1509875,29003,4148,232711,24031,795845,822,-275,-2,170.30267173476756
2020-11-27 17:00:00,1538217,28352,-7952,222803,35467,787893,827,-354,-64,168.3805214387935
2020-11-28 17:00:00,1564532,26323,1415,225940,24214,789308,686,-385,-20,162.24364394329905
2020-11-29 17:00:00,1585178,20648,6463,176934,13642,795771,541,-420,-9,143.69411957348845
2020-11-30 17:00:00,1601554,16377,-7300,130524,23004,788471,672,308,-9,127.97265332874832
2020-12-01 17:00:00,1620901,19350,-8526,182100,27088,779945,785,-376,-81,139.10427743243557
2020-12-02 17:00:00,1641610,20709,-18715,207143,38740,761230,684,-357,-47,143.90621946253748
2020-12-03 17:00:00,1664829,23225,-1248,220047,23474,759982,993,-682,-19,152.3975065412817
2020-12-04 17:00:00,1688939,24099,-2280,212741,25576,757702,814,-572,-30,155.23852614605693
2020-12-05 17:00:00,1709991,21052,-3533,194984,23923,754169,662,-1042,-50,145.09307357692853
2020-12-06 17:00:00,1728878,18887,1137,163550,17186,755306,564,233,-63,137.42998217274132
2020-12-07 17:00:00,1742557,13720,-6487,111217,19638,748819,528,133,-72,117.13240371477058
2020-12-08 17:00:00,1757394,14842,-11294,149232,25497,737525,634,-443,-37,121.82774724995944
2020-12-09 17:00:00,1770149,12756,-27010,118475,39266,710515,499,-428,-25,112.942463227964
2020-12-10 17:00:00,1787147,16999,-13988,171586,30099,696527,887,-565,-29,130.3802132227126
2020-12-11 17:00:00,1805873,18727,-6204,190416,24169,690323,761,-526,-26,136.84662947986698
2020-12-12 17:00:00,1825775,19903,-5475,196439,24728,684848,649,-496,-66,141.07799261401476
2020-12-13 17:00:00,1843712,17938,1183,152697,16270,686031,484,-331,-41,133.9328189802634
2020-12-14 17:00:00,1855737,12030,-10922,103584,22456,675109,491,30,-63,109.6813566655701
2020-12-15 17:00:00,1870576,14844,-11796,164431,25789,663313,846,-423,-92,121.83595528414426
2020-12-16 17:00:00,1888144,17572,-17607,199489,34495,645706,680,-445,-77,132.55942063844427
2020-12-17 17:00:00,1906377,18236,-10363,199489,27913,635343,683,-470,-71,135.04073459515837
2020-12-18 17:00:00,1921778,17992,-7545,179800,22272,627798,674,-658,-36,134.13426109685773
2020-12-19 17:00:00,1938083,16308,-7632,176185,23384,620166,553,-405,-35,127.70277992275658
2020-12-20 17:00:00,1953185,15104,2594,137420,12156,622760,352,-206,-41,122.89833196589773
2020-12-21 17:00:00,1964054,10872,-9178,87889,19632,613582,415,-13,-12,104.2688831818966
2020-12-22 17:00:00,1977370,13318,-7627,157705,20315,605955,628,-197,-44,115.4036394573412
2020-12-23 17:00:00,1991278,14522,-7139,183864,20494,598816,553,-402,-63,120.50726119201282
2020-12-24 17:00:00,2009317,18040,-5184,193777,22718,593632,505,-476,-35,134.31306712304652
2020-12-25 17:00:00,2028354,19037,-13746,152334,32324,579886,459,-668,-5,137.97463535012514
2020-12-26 17:00:00,2038783,10431,1057,81564,9104,580943,268,-90,-4,102.13226718329521
2020-12-27 17:00:00,2047696,8913,817,59879,7798,581760,298,259,0,94.40868604106298
2020-12-28 17:00:00,2056277,8585,-6539,68681,14675,575221,445,361,-15,92.65527507918802
2020-12-29 17:00:00,2067487,11224,-6493,128740,17044,568728,659,-270,-16,105.94338110519222
2020-12-30 17:00:00,2083689,16202,-4333,169045,19960,564395,575,-96,-21,127.28707711311466
2020-12-31 17:00:00,2107166,23477,5501,186004,17421,569896,555,-415,27,153.22206107476822
2021-01-01 17:00:00,2129376,22211,4871,157524,16877,574767,462,-329,-2,149.03355326905415
2021-01-02 17:00:00,2141201,11831,2295,67174,9166,577062,364,126,16,108.77040038539897
2021-01-03 17:00:00,2155446,14245,-848,102974,14746,576214,347,127,14,119.35241933031773
2021-01-04 17:00:00,2166244,10800,-5756,77993,16206,570458,348,242,-4,103.92304845413264
2021-01-05 17:00:00,2181619,15378,-1297,135106,16023,569161,649,78,-10,124.00806425390246
2021-01-06 17:00:00,2201945,20331,-449,178596,20227,568712,548,-221,2,142.58681565979373
2021-01-07 17:00:00,2220361,18020,2343,121275,15659,571055,414,117,16,134.23859355639868
2021-01-08 17:00:00,2237890,17533,-666,140267,17575,570389,620,22,0,132.41223508422476
2021-01-09 17:00:00,2257866,19978,2453,172119,17040,572842,483,-53,6,141.34355308962628
2021-01-10 17:00:00,2276491,18627,7090,139758,11174,579932,361,167,22,136.48076787591722
2021-01-11 17:00:00,2289021,12532,-3953,91656,16035,575979,448,176,27,111.94641575325224
2021-01-12 17:00:00,2303263,14242,-5939,141641,19565,570040,616,109,-6,119.33985084622823
2021-01-13 17:00:00,2319036,15774,-5266,175429,20532,564774,507,-187,-57,125.59458587057007
2021-01-14 17:00:00,2336279,17246,-3394,160585,20115,561380,522,-415,-22,131.32402674301454
2021-01-15 17:00:00,2352423,16146,-3312,273506,18979,558068,477,-269,-35,127.06691150728422
2021-01-16 17:00:00,2368733,16310,-351,261404,16186,557717,475,-57,-2,127.71061036577971
2021-01-17 17:00:00,2381277,12545,-4343,211078,16510,553374,377,-27,-17,112.0044641967453
2021-01-18 17:00:00,2390102,8825,-6315,158674,14763,547059,377,127,41,93.94147114027967
2021-01-19 17:00:00,2400598,10497,-11535,254070,21428,535524,603,-185,-57,102.45486811274513
2021-01-20 17:00:00,2414166,13571,-11971,279762,25015,523553,524,-230,-26,116.49463506960309
2021-01-21 17:00:00,2428221,14078,-6985,267567,20519,516568,521,-424,-43,118.6507479959566
2021-01-22 17:00:00,2441854,13633,-14515,264728,27676,502053,472,-354,-28,116.76043850551436
2021-01-23 17:00:00,2455185,13331,-3219,286331,16062,498834,488,-288,-4,115.45994976614185
2021-01-24 17:00:00,2466813,11629,444,216211,10885,499278,299,-94,14,107.83784122468327
2021-01-25 17:00:00,2475372,8562,-7648,126931,15787,491630,420,115,21,92.53107586103168
2021-01-26 17:00:00,2485956,10593,-9213,256287,19256,482417,541,-69,-49,102.92230079045066
2021-01-27 17:00:00,2501147,15204,-4448,293770,19172,477969,467,-194,-20,123.30450113438681
2021-01-28 17:00:00,2515507,14372,-3352,275579,17220,474617,492,-383,-64,119.88327656516567
2021-01-29 17:00:00,2529070,13574,-6793,268750,19879,467824,477,-381,-18,116.50751048752178
2021-01-30 17:00:00,2541783,12715,-4472,298010,16764,463352,421,-299,-52,112.76080879454528
2021-01-31 17:00:00,2553032,11252,-9384,213364,20396,453968,237,-2,-3,106.07544484940895
2021-02-01 17:00:00,2560957,7925,-6379,142419,13975,447589,329,164,37,89.02246907382428
2021-02-02 17:00:00,2570608,9660,-9824,244429,18977,437765,498,57,-38,98.28529900244492
2021-02-03 17:00:00,2583790,13189,-3043,279307,15748,434722,476,-246,-69,114.84337159801605
2021-02-04 17:00:00,2597446,13659,-4445,270142,17680,430277,422,-328,6,116.87172455303293
2021-02-05 17:00:00,2611659,14218,-1159,270507,14995,429118,377,-168,-9,119.23925528113634
2021-02-06 17:00:00,2625098,13442,-2084,282407,15138,427034,385,-167,-32,115.93963946813014
2021-02-07 17:00:00,2636738,11641,-10,206789,11380,427024,270,-142,-3,107.89346597454362
2021-02-08 17:00:00,2644707,7970,-7420,144270,15082,419604,307,261,36,89.27485648266257
2021-02-09 17:00:00,2655319,10630,-5637,274263,15827,413967,422,-15,0,103.10189135025604
2021-02-10 17:00:00,2668266,12956,-3856,310994,16467,410111,336,-232,-15,113.82442620105756
2021-02-11 17:00:00,2683403,15146,-5092,292533,19838,405019,391,-338,-2,123.0690862889621
2021-02-12 17:00:00,2697296,13908,-2845,287619,16422,402174,316,-206,-31,117.93218390244455
2021-02-13 17:00:00,2710819,13532,-761,290534,13973,401413,311,-236,-33,116.32712495372694
2021-02-14 17:00:00,2721879,11068,1370,205642,9469,402783,221,-51,23,105.20456263869927
2021-02-15 17:00:00,2729223,7351,-4685,179278,11771,398098,258,66,4,85.73797291748855
2021-02-16 17:00:00,2739591,10386,-4412,274019,14444,393686,336,-52,-15,101.91172650877817
2021-02-17 17:00:00,2751657,12074,-4822,294411,16519,388864,369,-189,-31,109.88175462741756
2021-02-18 17:00:00,2765412,13762,-4363,288458,17776,384501,342,-311,2,117.3115510084152
2021-02-19 17:00:00,2780882,15479,-2053,297128,17170,382448,353,-132,14,124.41462936487815
2021-02-20 17:00:00,2795796,14931,2175,306078,12488,384623,251,-106,4,122.19247112649781
2021-02-21 17:00:00,2809246,13452,4272,250986,8946,388895,232,79,31,115.98275733918383
2021-02-22 17:00:00,2818863,9630,-992,170672,10335,387903,274,351,24,98.13256340277675
2021-02-23 17:00:00,2832162,13314,45,303850,12898,387948,356,140,28,115.38630767989761
2021-02-24 17:00:00,2848564,16424,1485,340247,14599,389433,318,-78,11,128.15615474880636
2021-02-25 17:00:00,2868435,19886,6710,353704,12853,396143,308,40,11,141.01772938180503
2021-02-26 17:00:00,2888923,20499,8521,325404,11714,404664,253,35,26,143.17471843869643
2021-02-27 17:00:00,2907825,18916,7302,323047,11320,411966,280,80,22,137.53544997563355
2021-02-28 17:00:00,2925265,17455,10401,257024,6847,422367,192,266,15,132.11737205984684
2021-03-01 17:00:00,2938371,13114,1966,170633,10894,424333,246,474,58,114.51637437502114
2021-03-02 17:00:00,2955434,17083,6663,335983,10057,430996,343,458,38,130.7019510183379
2021-03-03 17:00:00,2976274,20884,6425,358884,14068,437421,347,193,84,144.512975196001
