data,totale_casi,positivi,netto_positivi,tamponi,guariti,totale_positivi,morti,sintomi,intensiva,delta_positivi
2020-10-01 17:00:00,35512,110,63,5073,46,2907,1,7,0,10.488088481701515
2020-10-02 17:00:00,35731,219,153,6549,65,3060,1,14,1,14.798648586948742
2020-10-03 17:00:00,36010,279,217,6560,62,3277,0,-3,-1,16.703293088490067
2020-10-04 17:00:00,36183,173,93,5004,79,3370,1,2,1,13.152946437965905
2020-10-05 17:00:00,36312,129,53,3902,75,3423,1,57,2,11.357816691600547
2020-10-06 17:00:00,36571,259,159,8104,98,3582,2,20,0,16.09347693943108
2020-10-07 17:00:00,36858,287,142,7523,143,3724,2,4,0,16.941074346097416
2020-10-08 17:00:00,37194,336,255,7468,81,3979,0,14,1,18.33030277982336
2020-10-09 17:00:00,37595,401,331,6811,70,4310,0,34,6,20.024984394500787
2020-10-10 17:00:00,38094,499,431,8588,66,4741,2,9,0,22.338307903688676
2020-10-11 17:00:00,38503,409,315,6480,91,5056,3,24,2,20.223748416156685
2020-10-12 17:00:00,38957,454,407,6386,44,5463,3,79,-2,21.307275752662516
2020-10-13 17:00:00,39542,585,502,9182,80,5965,3,26,8,24.186773244895647
2020-10-14 17:00:00,40041,499,422,5967,73,6387,4,79,3,22.338307903688676
2020-10-15 17:00:00,41074,1033,921,14142,109,7308,3,33,7,32.14031735997639
2020-10-16 17:00:00,41895,821,750,9707,67,8058,4,63,3,28.653097563788805
2020-10-17 17:00:00,42867,972,822,11066,148,8880,2,43,8,31.176914536239792
2020-10-18 17:00:00,43990,1123,953,9721,168,9833,2,79,4,33.51119216023208
2020-10-19 17:00:00,44923,933,774,9564,154,10607,5,103,6,30.54504869860253
2020-10-20 17:00:00,46319,1396,1275,13018,115,11882,6,154,1,37.36308338453881
2020-10-21 17:00:00,48118,1799,1553,13611,239,13435,7,74,12,42.41462012089699
2020-10-22 17:00:00,49668,1550,1345,11565,194,14780,11,115,5,39.370039370059054
2020-10-23 17:00:00,51700,2032,1682,12665,341,16462,9,136,5,45.077710678338576
2020-10-24 17:00:00,53248,1548,1381,11847,155,17843,12,121,4,39.344631145812
2020-10-25 17:00:00,55535,2287,2034,12657,242,19877,11,118,6,47.82258880487337
2020-10-26 17:00:00,57160,1625,1390,11367,221,21267,14,248,8,40.311288741492746
2020-10-27 17:00:00,59618,2458,1973,12547,472,23240,13,167,19,49.57822102496216
2020-10-28 17:00:00,62445,2827,2547,16673,261,25787,19,221,14,53.16954015223378
2020-10-29 17:00:00,65030,2585,2104,12787,454,27891,27,144,11,50.84289527554464
2020-10-30 17:00:00,67749,2719,2497,15977,199,30388,23,166,13,52.14403129793476
2020-10-31 17:00:00,70636,2887,2436,15575,423,32824,28,136,15,53.73081052803875
2020-11-01 17:00:00,72660,2024,1590,10249,423,34414,11,161,5,44.98888751680797
2020-11-02 17:00:00,74663,2003,1681,11113,301,36095,21,264,17,44.75488800120049
2020-11-03 17:00:00,77832,3169,2618,12694,522,38713,29,271,17,56.293871780150276
2020-11-04 17:00:00,81409,3577,2864,16022,676,41577,37,146,20,59.80802621722272
2020-11-05 17:00:00,84580,3171,2397,16855,735,43974,39,173,16,56.31163290120435
2020-11-06 17:00:00,89458,4878,3942,21288,907,47916,29,173,19,69.8426803609369
2020-11-07 17:00:00,93895,4437,3573,17390,819,51489,45,251,16,66.61080993352356
2020-11-08 17:00:00,97779,3884,2708,14819,1141,54197,35,245,20,62.321745803531535
2020-11-09 17:00:00,100655,2876,2059,13036,768,56256,49,173,8,53.62835071116769
2020-11-10 17:00:00,104314,3659,2579,15812,1016,58835,64,175,13,60.489668539346454
2020-11-11 17:00:00,107267,2953,1519,13578,1350,60354,84,75,15,54.3415126767741
2020-11-12 17:00:00,112054,4787,2844,24901,1866,63198,77,43,8,69.18814927427962
2020-11-13 17:00:00,117312,5258,3456,22778,1741,66654,61,57,5,72.5120679611332
2020-11-14 17:00:00,121783,4471,2561,19715,1873,69215,37,12,7,66.86553671361654
2020-11-15 17:00:00,125465,3682,2014,13712,1623,71229,45,19,12,60.67948582511226
2020-11-16 17:00:00,128941,3476,1711,15902,1694,72940,71,153,6,58.957611891934704
2020-11-17 17:00:00,131547,2606,846,16131,1687,73786,73,76,6,51.048996072400875
2020-11-18 17:00:00,134828,3281,1278,17755,1940,75064,63,58,4,57.28001396647874
2020-11-19 17:00:00,140177,5349,2173,41876,3098,77237,78,-61,2,73.13685801290619
2020-11-20 17:00:00,144038,3861,-692,21513,4465,76545,88,78,3,62.13694553162394
2020-11-21 17:00:00,146934,2896,-453,18889,3272,76092,77,-75,-3,53.81449618829484
2020-11-22 17:00:00,149575,2641,920,13605,1652,77012,69,-18,8,51.39066063011839
2020-11-23 17:00:00,151305,1730,-89,13529,1738,76923,81,-20,1,41.593268686170845
2020-11-24 17:00:00,153375,2070,152,14536,1845,77075,73,4,5,45.4972526643093
2020-11-25 17:00:00,156253,2878,846,21540,1948,77921,84,-21,-1,53.646994324006634
2020-11-26 17:00:00,159004,2751,485,22418,2194,78406,72,-103,0,52.44997616777342
2020-11-27 17:00:00,162153,3149,-817,23141,3869,77589,97,-70,-8,56.1159513863928
2020-11-28 17:00:00,164310,2157,-1512,18434,3571,76077,98,-141,-11,46.44351407893249
2020-11-29 17:00:00,166331,2021,907,14157,1030,76984,84,-47,1,44.955533585978046
2020-11-30 17:00:00,167516,1185,-2041,12290,3141,74943,85,3,3,34.42382895611701
2020-12-01 17:00:00,169133,1617,-2674,17016,4227,72269,64,-85,-11,40.2119385257662
2020-12-02 17:00:00,170701,1568,-1382,17897,2893,70887,57,-56,5,39.59797974644666
2020-12-03 17:00:00,172931,2230,-881,26163,3019,70006,92,-137,-16,47.22287581247038
2020-12-04 17:00:00,175063,2132,-1530,20846,3608,68476,54,-108,-9,46.17358552246078
2020-12-05 17:00:00,176519,1456,-1713,15100,3107,66763,62,-75,9,38.157568056677825
2020-12-06 17:00:00,177788,1269,-725,9386,1939,66038,55,-37,-7,35.62302626111375
2020-12-07 17:00:00,178699,911,-289,10752,1136,65749,64,4,-14,30.18277654557314
2020-12-08 17:00:00,179651,952,-1236,11514,2129,64513,59,-119,-15,30.854497241083024
2020-12-09 17:00:00,180557,906,-1030,10579,1869,63483,67,-22,-12,30.099833886584822
2020-12-10 17:00:00,181531,974,-2376,14418,3266,61107,84,-33,-8,31.20897306865447
2020-12-11 17:00:00,183084,1553,-1116,18504,2573,59991,96,-64,-10,39.408120990476064
2020-12-12 17:00:00,184527,1443,-2130,18227,3514,57861,59,-148,4,37.986839826445156
2020-12-13 17:00:00,185538,1011,-1887,8330,2862,55974,36,-22,-13,31.796226191169293
2020-12-14 17:00:00,186066,528,-2638,8647,3118,53336,48,21,-13,22.978250586152114
2020-12-15 17:00:00,187172,1106,-2366,18330,3395,50970,77,-95,-12,33.25657829663178
2020-12-16 17:00:00,188387,1215,-2867,17493,3993,48103,89,-63,-9,34.85685011586675
2020-12-17 17:00:00,189270,883,-2560,-215581,3363,45543,80,-101,-17,29.715315916207253
2020-12-18 17:00:00,187890,1210,-4243,9493,2784,41300,79,-81,3,34.785054261852174
2020-12-19 17:00:00,188528,638,-2707,10421,3307,38593,38,-79,-9,25.25866188063018
2020-12-20 17:00:00,189357,829,-502,5269,1302,38091,29,-48,-13,28.792360097775937
2020-12-21 17:00:00,189968,611,-134,5838,702,37957,43,20,9,24.71841418861655
2020-12-22 17:00:00,190510,542,-1048,6894,1540,36909,50,-78,-2,23.280893453645632
2020-12-23 17:00:00,191443,933,-348,8946,1223,36561,58,-92,-13,30.54504869860253
2020-12-24 17:00:00,192500,1057,-1691,9046,2700,34870,48,-95,-2,32.51153641401772
2020-12-25 17:00:00,193375,875,-3373,6080,4220,31497,28,-115,1,29.58039891549808
2020-12-26 17:00:00,193792,417,60,2704,345,31557,12,-18,-6,20.42057785666214
2020-12-27 17:00:00,194262,470,-495,3302,948,31062,17,28,3,21.6794833886788
2020-12-28 17:00:00,194575,313,-759,2941,1052,30303,20,3,-6,17.69180601295413
2020-12-29 17:00:00,195415,840,-920,7637,1704,29383,56,-13,-9,28.982753492378876
2020-12-30 17:00:00,196461,1046,-424,8967,1437,28959,33,-72,-4,32.341923257592455
2020-12-31 17:00:00,197828,1367,-702,8633,2040,28257,29,-62,-2,36.9729630946723
2021-01-01 17:00:00,198886,1058,-1728,5787,2748,26529,38,-111,-6,32.526911934581186
