data,totale_casi,positivi,netto_positivi,tamponi,guariti,totale_positivi,morti,sintomi,intensiva,delta_positivi
2020-10-01 17:00:00,3568,29,21,1734,8,582,0,0,0,5.385164807134504
2020-10-02 17:00:00,3589,21,5,1749,16,587,0,0,0,4.58257569495584
2020-10-03 17:00:00,3613,24,17,1368,7,604,0,0,0,4.898979485566356
2020-10-04 17:00:00,3645,32,12,1106,20,616,0,0,0,5.656854249492381
2020-10-05 17:00:00,3662,17,11,829,6,627,0,-7,0,4.123105625617661
2020-10-06 17:00:00,3679,17,3,1002,14,630,0,0,0,4.123105625617661
2020-10-07 17:00:00,3734,55,37,1642,18,667,0,0,1,7.416198487095663
2020-10-08 17:00:00,3803,69,59,1897,10,726,0,9,0,8.306623862918075
2020-10-09 17:00:00,3888,85,71,1530,14,797,0,5,1,9.219544457292887
2020-10-10 17:00:00,3980,92,76,1880,16,873,0,0,0,9.591663046625438
2020-10-11 17:00:00,4064,84,67,1599,16,940,1,0,-1,9.16515138991168
2020-10-12 17:00:00,4109,45,33,1047,12,973,0,7,1,6.708203932499369
2020-10-13 17:00:00,4143,34,21,683,13,994,0,12,1,5.830951894845301
2020-10-14 17:00:00,4267,124,124,1573,0,1118,0,0,0,11.135528725660043
2020-10-15 17:00:00,4365,98,75,1743,23,1193,0,6,0,9.899494936611665
2020-10-16 17:00:00,4493,128,110,2152,18,1303,0,6,3,11.313708498984761
2020-10-17 17:00:00,4648,155,141,1714,14,1444,0,0,0,12.449899597988733
2020-10-18 17:00:00,4819,171,163,1979,8,1607,0,1,1,13.076696830622021
2020-10-19 17:00:00,4904,85,83,1279,1,1690,1,0,0,9.219544457292887
2020-10-20 17:00:00,5113,209,204,1819,4,1894,1,29,0,14.45683229480096
2020-10-21 17:00:00,5302,189,186,1884,2,2080,1,0,0,13.74772708486752
2020-10-22 17:00:00,5549,247,238,2294,9,2318,0,10,1,15.716233645501712
2020-10-23 17:00:00,5818,269,264,2824,5,2582,0,0,0,16.401219466856727
2020-10-24 17:00:00,6095,277,274,2209,3,2856,0,27,4,16.64331697709324
2020-10-25 17:00:00,6434,339,331,2753,8,3187,0,14,-1,18.411952639521967
2020-10-26 17:00:00,6755,321,314,2510,4,3501,3,5,1,17.916472867168917
2020-10-27 17:00:00,6997,242,237,1772,4,3738,1,17,0,15.556349186104045
2020-10-28 17:00:00,7187,190,183,2062,3,3921,4,12,3,13.784048752090222
2020-10-29 17:00:00,7485,298,296,2566,0,4217,2,12,0,17.26267650163207
2020-10-30 17:00:00,7835,350,344,2528,4,4561,2,40,3,18.708286933869708
2020-10-31 17:00:00,8382,547,539,3099,4,5100,4,4,0,23.388031127053
2020-11-01 17:00:00,8916,534,531,2831,0,5631,3,36,-1,23.108440016582687
2020-11-02 17:00:00,9353,437,429,2279,4,6060,4,20,6,20.904544960366874
2020-11-03 17:00:00,9848,495,492,2546,2,6552,1,-6,5,22.24859546128699
2020-11-04 17:00:00,10097,249,244,1857,3,6796,2,22,5,15.7797338380595
2020-11-05 17:00:00,10859,762,752,4036,6,7548,4,26,0,27.60434748368452
2020-11-06 17:00:00,11572,713,-502,2961,1211,7046,4,21,2,26.70205984563738
2020-11-07 17:00:00,12345,773,434,3460,332,7480,7,5,1,27.80287754891569
2020-11-08 17:00:00,13126,781,507,2998,270,7987,4,37,3,27.94637722496424
2020-11-09 17:00:00,13709,583,427,2241,152,8414,4,13,2,24.145392935299274
2020-11-10 17:00:00,14084,375,249,1852,121,8663,5,16,-4,19.364916731037084
2020-11-11 17:00:00,14470,386,222,2658,155,8885,9,0,0,19.6468827043885
2020-11-12 17:00:00,15164,694,350,3437,338,9235,6,21,5,26.343879744638983
2020-11-13 17:00:00,15984,820,479,3183,332,9714,9,5,-1,28.635642126552707
2020-11-14 17:00:00,16674,690,345,2865,340,10059,5,3,3,26.267851073127396
2020-11-15 17:00:00,17302,628,231,2926,378,10290,19,23,-1,25.059928172283335
2020-11-16 17:00:00,17846,544,278,2108,259,10568,7,8,0,23.323807579381203
2020-11-17 17:00:00,18104,258,133,1340,116,10701,9,-5,1,16.06237840420901
2020-11-18 17:00:00,18685,581,200,3468,370,10901,11,-1,-5,24.1039415863879
2020-11-19 17:00:00,19381,696,303,3041,380,11204,13,-12,0,26.38181191654584
2020-11-20 17:00:00,20117,736,307,3286,421,11511,8,-1,-1,27.129319932501073
2020-11-21 17:00:00,20665,548,164,2910,368,11675,16,-18,1,23.40939982143925
2020-11-22 17:00:00,21200,535,-51,2889,579,11624,7,3,-1,23.130067012440755
2020-11-23 17:00:00,21460,260,-9,1468,264,11615,5,20,0,16.1245154965971
2020-11-24 17:00:00,21620,160,41,1414,103,11656,16,-14,2,12.649110640673518
2020-11-25 17:00:00,21961,341,-56,2734,389,11600,8,-17,1,18.466185312619388
2020-11-26 17:00:00,22253,292,-150,2104,431,11450,11,-8,-1,17.08800749063506
2020-11-27 17:00:00,22663,410,33,2301,366,11483,11,-20,2,20.248456731316587
2020-11-28 17:00:00,23157,494,75,2388,416,11558,3,-5,-6,22.22611077089287
2020-11-29 17:00:00,23594,437,-221,3482,651,11337,7,11,0,20.904544960366874
2020-11-30 17:00:00,23777,183,-15,1002,197,11322,1,8,1,13.527749258468683
2020-12-01 17:00:00,23871,94,-23,1185,114,11299,3,-14,-3,9.695359714832659
2020-12-02 17:00:00,24188,317,30,2011,279,11329,8,2,-1,17.804493814764857
2020-12-03 17:00:00,24562,374,-114,2719,472,11215,16,12,2,19.339079605813716
2020-12-04 17:00:00,24847,285,-29,2009,303,11186,11,-10,-3,16.881943016134134
2020-12-05 17:00:00,25113,266,-74,2064,337,11112,3,-8,-1,16.30950643030009
2020-12-06 17:00:00,25361,248,-191,2046,433,10921,6,0,1,15.748015748023622
2020-12-07 17:00:00,25476,155,-4,719,114,10917,5,-5,1,12.449899597988733
2020-12-08 17:00:00,25555,79,-34,1046,102,10883,11,78,-3,8.888194417315589
2020-12-09 17:00:00,25787,232,1,1611,221,10884,10,-86,0,15.231546211727817
2020-12-10 17:00:00,26031,244,-163,1974,399,10721,8,-158,1,15.620499351813308
2020-12-11 17:00:00,26283,252,-70,2142,305,10651,17,3,-4,15.874507866387544
2020-12-12 17:00:00,26533,250,-29,2394,274,10622,5,0,0,15.811388300841896
2020-12-13 17:00:00,26784,251,-23,1984,270,10599,4,-21,-1,15.84297951775486
2020-12-14 17:00:00,26852,68,13,699,44,10612,11,0,0,8.246211251235321
2020-12-15 17:00:00,26940,88,18,1079,62,10630,8,-13,-2,9.38083151964686
2020-12-16 17:00:00,27225,285,24,2541,250,10654,11,-5,-2,16.881943016134134
2020-12-17 17:00:00,27512,287,58,1986,224,10712,5,-13,0,16.941074346097416
2020-12-18 17:00:00,27681,169,31,1197,132,10743,6,-15,1,13.0
2020-12-19 17:00:00,27876,195,67,1822,120,10810,8,0,0,13.96424004376894
2020-12-20 17:00:00,28122,246,64,1545,179,10874,3,-5,-3,15.684387141358123
2020-12-21 17:00:00,28165,43,-1527,804,1568,9347,2,9,2,6.557438524302
2020-12-22 17:00:00,28267,102,8,935,88,9355,6,-3,1,10.099504938362077
2020-12-23 17:00:00,28398,131,-141,2259,271,9214,1,-6,-4,11.445523142259598
2020-12-24 17:00:00,28540,142,-107,1886,244,9107,5,-13,-2,11.916375287812984
2020-12-25 17:00:00,28722,182,1457,2024,-1282,10564,7,-10,2,13.490737563232042
2020-12-26 17:00:00,28746,24,2,279,15,10566,7,8,-2,4.898979485566356
2020-12-27 17:00:00,28803,57,14,790,41,10580,2,-1,3,7.54983443527075
2020-12-28 17:00:00,28923,120,27,1090,91,10607,2,-1,0,10.954451150103322
2020-12-29 17:00:00,29014,91,71,1098,13,10678,7,-17,2,9.539392014169456
2020-12-30 17:00:00,29234,220,-76,2358,294,10602,2,32,0,14.832396974191326
2020-12-31 17:00:00,29494,260,67,1764,185,10669,8,-9,4,16.1245154965971
2021-01-01 17:00:00,29764,270,124,2190,143,10793,3,0,1,16.431676725154983
2021-01-02 17:00:00,29850,86,45,723,37,10838,4,17,-3,9.273618495495704
2021-01-03 17:00:00,29946,96,12,704,79,10850,5,10,0,9.797958971132712
2021-01-04 17:00:00,29983,37,-26,1205,58,10824,5,11,1,6.082762530298219
2021-01-05 17:00:00,30131,148,89,1408,57,10913,2,6,2,12.165525060596439
2021-01-06 17:00:00,30451,320,192,2561,124,11105,4,0,0,17.88854381999832
2021-01-07 17:00:00,30714,263,146,1832,116,11251,1,2,-2,16.217274740226856
2021-01-08 17:00:00,30877,163,100,1664,57,11351,6,3,-1,12.767145334803704
2021-01-09 17:00:00,31257,380,172,2927,199,11523,9,0,0,19.493588689617926
2021-01-10 17:00:00,31519,262,137,2167,125,11660,0,13,0,16.186414056238647
2021-01-11 17:00:00,31644,125,50,756,74,11710,1,12,0,11.180339887498949
2021-01-12 17:00:00,31743,99,-14,1523,109,11696,4,-11,1,9.9498743710662
2021-01-13 17:00:00,32012,269,-21,2740,285,11675,5,-10,-2,16.401219466856727
2021-01-14 17:00:00,32186,174,-70,2188,236,11605,8,0,0,13.19090595827292
2021-01-15 17:00:00,32715,529,202,7184,321,11807,6,-3,0,23.0
2021-01-16 17:00:00,33211,496,278,7497,213,12085,5,-7,3,22.271057451320086
2021-01-17 17:00:00,33519,308,14,4192,292,12099,2,0,0,17.549928774784245
2021-01-18 17:00:00,33684,165,14,2025,149,12113,2,12,4,12.84523257866513
2021-01-19 17:00:00,34120,436,353,7398,74,12466,9,-2,0,20.8806130178211
2021-01-20 17:00:00,34561,441,66,7854,371,12532,4,6,0,21.0
2021-01-21 17:00:00,35127,566,291,7636,268,12823,7,8,-2,23.790754506740637
2021-01-22 17:00:00,35637,510,218,6836,289,13041,3,1,-4,22.58317958127243
2021-01-23 17:00:00,36189,552,345,7972,204,13386,3,-8,0,23.49468024894146
2021-01-24 17:00:00,36601,412,113,5890,295,13499,4,7,1,20.29778313018444
2021-01-25 17:00:00,36801,200,76,2669,120,13575,4,13,3,14.142135623730951
2021-01-26 17:00:00,37360,559,431,8051,120,14006,8,-14,2,23.643180835073778
2021-01-27 17:00:00,37908,548,238,8236,308,14244,2,-8,2,23.40939982143925
2021-01-28 17:00:00,38470,562,296,7767,262,14540,4,-1,-2,23.706539182259394
2021-01-29 17:00:00,39060,590,322,7537,265,14862,3,3,0,24.289915602982237
2021-01-30 17:00:00,39700,640,469,7622,164,15331,7,-3,2,25.298221281347036
2021-01-31 17:00:00,40167,467,-10713,4822,11176,4618,4,7,0,21.61018278497431
