data,totale_casi,positivi,netto_positivi,tamponi,guariti,totale_positivi,morti,sintomi,intensiva,delta_positivi
2020-10-01 17:00:00,2500,46,25,1931,21,562,0,-1,0,6.782329983125268
2020-10-02 17:00:00,2562,62,48,1925,14,610,0,1,1,7.874007874011811
2020-10-03 17:00:00,2604,42,24,2139,18,634,0,2,1,6.48074069840786
2020-10-04 17:00:00,2676,72,61,2126,10,695,1,1,-1,8.48528137423857
2020-10-05 17:00:00,2695,19,11,421,8,706,0,0,1,4.358898943540674
2020-10-06 17:00:00,2757,62,42,2622,20,748,0,3,0,7.874007874011811
2020-10-07 17:00:00,2822,65,60,2278,5,808,0,-1,3,8.06225774829855
2020-10-08 17:00:00,2906,84,55,2380,28,863,1,6,0,9.16515138991168
2020-10-09 17:00:00,3057,151,137,2645,14,1000,0,5,0,12.288205727444508
2020-10-10 17:00:00,3189,132,110,2173,21,1110,1,1,0,11.489125293076057
2020-10-11 17:00:00,3324,135,126,2779,9,1236,0,2,1,11.61895003862225
2020-10-12 17:00:00,3472,148,134,4509,12,1370,2,3,0,12.165525060596439
2020-10-13 17:00:00,3608,136,121,3035,15,1491,0,7,2,11.661903789690601
2020-10-14 17:00:00,3749,141,132,3427,8,1623,1,3,1,11.874342087037917
2020-10-15 17:00:00,4012,263,194,3690,69,1817,0,3,0,16.217274740226856
2020-10-16 17:00:00,4210,198,144,2961,54,1961,0,1,3,14.071247279470288
2020-10-17 17:00:00,4415,205,169,3525,35,2130,1,24,1,14.317821063276353
2020-10-18 17:00:00,4742,327,301,3412,26,2431,0,16,-2,18.083141320025124
2020-10-19 17:00:00,4909,167,138,1028,28,2569,1,16,1,12.922847983320086
2020-10-20 17:00:00,5103,194,106,4371,88,2675,0,19,5,13.92838827718412
2020-10-21 17:00:00,5453,350,280,3691,68,2955,2,2,0,18.708286933869708
2020-10-22 17:00:00,5860,407,315,4006,90,3270,2,19,2,20.174241001832016
2020-10-23 17:00:00,6307,447,360,3595,84,3630,3,12,-1,21.142374511865974
2020-10-24 17:00:00,6832,525,391,3913,132,4021,2,20,4,22.9128784747792
2020-10-25 17:00:00,7295,463,374,3397,86,4395,3,12,4,21.517434791350013
2020-10-26 17:00:00,7558,263,188,986,72,4583,3,24,2,16.217274740226856
2020-10-27 17:00:00,7872,314,178,3345,134,4761,2,9,6,17.72004514666935
2020-10-28 17:00:00,8273,401,238,4746,159,4999,4,7,0,20.024984394500787
2020-10-29 17:00:00,8967,694,572,4584,117,5571,5,5,4,26.343879744638983
2020-10-30 17:00:00,9696,729,595,3487,132,6166,2,0,1,27.0
2020-10-31 17:00:00,10179,483,388,4177,90,6554,5,17,1,21.97726097583591
2020-11-01 17:00:00,10947,768,656,3489,103,7210,9,18,3,27.712812921102035
2020-11-02 17:00:00,11140,193,116,628,72,7326,5,13,0,13.892443989449804
2020-11-03 17:00:00,11560,420,241,4540,171,7567,8,-3,2,20.493901531919196
2020-11-04 17:00:00,12056,496,269,3985,221,7836,6,2,1,22.271057451320086
2020-11-05 17:00:00,12824,768,553,4768,204,8389,11,12,1,27.712812921102035
2020-11-06 17:00:00,13591,767,496,4855,262,8885,9,7,3,27.694764848252458
2020-11-07 17:00:00,14279,688,485,4834,199,9370,4,19,5,26.229754097208
2020-11-08 17:00:00,14939,660,430,4085,220,9800,10,8,4,25.69046515733026
2020-11-09 17:00:00,15253,314,196,1040,109,9996,9,7,2,17.72004514666935
2020-11-10 17:00:00,15738,485,144,5246,332,10140,9,3,2,22.02271554554524
2020-11-11 17:00:00,16253,515,194,4755,309,10334,12,-4,2,22.693611435820433
2020-11-12 17:00:00,17036,783,450,5824,325,10784,8,-5,1,27.982137159266443
2020-11-13 17:00:00,17640,604,-394,5014,990,10390,8,5,-1,24.576411454889016
2020-11-14 17:00:00,18219,579,386,4699,185,10776,8,2,0,24.06241883103193
2020-11-15 17:00:00,18876,657,319,4329,327,11095,11,5,3,25.632011235952593
2020-11-16 17:00:00,19159,283,144,755,130,11239,9,9,1,16.822603841260722
2020-11-17 17:00:00,19510,351,5,5603,333,11244,13,-7,-2,18.734993995195193
2020-11-18 17:00:00,20011,501,30,4700,460,11274,11,0,4,22.38302928559939
2020-11-19 17:00:00,20567,556,111,5509,438,11385,7,1,1,23.57965224510319
2020-11-20 17:00:00,20961,394,-17,3703,390,11368,21,-6,-4,19.849433241279208
2020-11-21 17:00:00,21369,408,55,4748,344,11423,9,7,4,20.199009876724155
2020-11-22 17:00:00,21769,400,149,4641,241,11572,10,-2,0,20.0
2020-11-23 17:00:00,21874,105,-1089,448,1190,10483,4,3,3,10.246950765959598
2020-11-24 17:00:00,22092,218,-286,4653,494,10197,10,-3,-6,14.7648230602334
2020-11-25 17:00:00,22478,386,-260,4331,638,9937,8,-7,-2,19.6468827043885
2020-11-26 17:00:00,22821,343,-503,4791,832,9434,14,-12,-2,18.520259177452136
2020-11-27 17:00:00,23082,261,-384,3955,631,9050,14,4,-6,16.15549442140351
2020-11-28 17:00:00,23430,348,-397,4262,739,8653,6,-2,2,18.65475810617763
2020-11-29 17:00:00,23740,310,-210,3232,515,8443,5,4,1,17.60681686165901
2020-11-30 17:00:00,23808,68,-208,480,263,8235,13,11,0,8.246211251235321
2020-12-01 17:00:00,23952,144,-555,4376,691,7680,8,-5,-1,12.0
2020-12-02 17:00:00,24230,278,-597,4015,865,7083,10,-19,-2,16.673332000533065
2020-12-03 17:00:00,24516,286,-321,3508,592,6762,15,2,-8,16.911534525287763
2020-12-04 17:00:00,24684,168,-339,3354,503,6423,4,-17,3,12.96148139681572
2020-12-05 17:00:00,24910,226,-274,3840,493,6149,7,3,4,15.033296378372908
2020-12-06 17:00:00,25144,234,-84,2888,309,6065,9,2,-1,15.297058540778355
2020-12-07 17:00:00,25209,65,-75,377,132,5990,8,6,-4,8.06225774829855
2020-12-08 17:00:00,25344,135,-244,4005,370,5746,9,-20,1,11.61895003862225
2020-12-09 17:00:00,25433,89,-90,456,170,5656,9,5,-1,9.433981132056603
2020-12-10 17:00:00,25615,182,-277,3847,447,5379,12,-13,-1,13.490737563232042
2020-12-11 17:00:00,25834,219,-290,3527,500,5089,9,4,-1,14.798648586948742
2020-12-12 17:00:00,26045,211,-205,3180,406,4884,10,-13,-5,14.52583904633395
2020-12-13 17:00:00,26190,145,-76,2203,212,4808,9,-7,-4,12.041594578792296
2020-12-14 17:00:00,26239,49,-73,308,117,4735,5,12,-4,7.0
2020-12-15 17:00:00,26418,179,-175,4334,350,4560,4,-18,5,13.379088160259652
2020-12-16 17:00:00,26587,169,-237,3161,400,4323,6,-18,1,13.0
2020-12-17 17:00:00,26767,180,-313,3106,485,4010,8,0,-5,13.416407864998739
2020-12-18 17:00:00,26909,142,-65,2872,203,3945,4,-5,1,11.916375287812984
2020-12-19 17:00:00,27128,219,20,5158,193,3965,6,-4,-2,14.798648586948742
2020-12-20 17:00:00,27241,113,-82,2168,187,3883,8,-10,3,10.63014581273465
2020-12-21 17:00:00,27282,41,-30,351,64,3853,7,7,-3,6.4031242374328485
2020-12-22 17:00:00,27396,114,-124,3780,234,3729,4,-14,3,10.677078252031311
2020-12-23 17:00:00,27553,157,-181,3565,332,3548,6,-5,-4,12.529964086141668
2020-12-24 17:00:00,27745,192,-27,3772,212,3521,7,-1,-2,13.856406460551018
2020-12-25 17:00:00,27977,232,25,2210,201,3546,6,2,-2,15.231546211727817
2020-12-26 17:00:00,28028,51,3,782,44,3549,4,8,-2,7.14142842854285
2020-12-27 17:00:00,28064,36,4,885,29,3553,3,12,2,6.0
2020-12-28 17:00:00,28152,88,5,666,77,3558,6,8,-2,9.38083151964686
2020-12-29 17:00:00,28313,161,10,3657,148,3568,3,-5,4,12.68857754044952
2020-12-30 17:00:00,28660,347,138,3122,204,3706,5,-7,6,18.627936010197157
2020-12-31 17:00:00,28960,300,71,3638,223,3777,6,3,0,17.320508075688775
2021-01-01 17:00:00,29188,228,27,2615,200,3804,1,-5,2,15.0996688705415
2021-01-02 17:00:00,29238,50,-11,283,58,3793,3,16,1,7.0710678118654755
2021-01-03 17:00:00,29440,202,111,2562,88,3904,3,-2,1,14.212670403551895
2021-01-04 17:00:00,29494,54,-26,542,75,3878,5,6,-4,7.3484692283495345
2021-01-05 17:00:00,29728,234,55,4249,175,3933,4,1,-1,15.297058540778355
2021-01-06 17:00:00,30075,347,141,4368,203,4074,3,2,2,18.627936010197157
2021-01-07 17:00:00,30139,64,-13,430,74,4061,3,0,-1,8.0
2021-01-08 17:00:00,30354,215,47,3895,166,4108,2,3,-1,14.66287829861518
2021-01-09 17:00:00,30649,295,129,3568,162,4237,4,-1,4,17.175564037317667
2021-01-10 17:00:00,30906,257,67,2504,182,4304,8,-14,3,16.0312195418814
2021-01-11 17:00:00,30955,49,-32,496,77,4272,4,7,1,7.0
2021-01-12 17:00:00,31160,205,76,3946,121,4348,8,-4,5,14.317821063276353
