data,totale_casi,positivi,netto_positivi,tamponi,guariti,totale_positivi,morti,sintomi,intensiva,delta_positivi
2020-10-01 17:00:00,6040,48,27,1883,21,594,0,1,0,6.928203230275509
2020-10-02 17:00:00,6079,39,-7,1731,46,587,0,1,0,6.244997998398398
2020-10-03 17:00:00,6141,62,31,2136,31,618,0,0,0,7.874007874011811
2020-10-04 17:00:00,6175,34,11,1524,23,629,0,1,0,5.830951894845301
2020-10-05 17:00:00,6224,49,21,1204,28,650,0,0,0,7.0
2020-10-06 17:00:00,6264,40,13,1047,27,663,0,5,0,6.324555320336759
2020-10-07 17:00:00,6296,32,-14,2001,46,649,0,-4,0,5.656854249492381
2020-10-08 17:00:00,6355,59,41,2508,18,690,0,0,0,7.681145747868608
2020-10-09 17:00:00,6394,39,-9,2001,48,681,0,2,0,6.244997998398398
2020-10-10 17:00:00,6444,50,6,2331,42,687,2,-1,0,7.0710678118654755
2020-10-11 17:00:00,6483,39,-6,1847,45,681,0,0,0,6.244997998398398
2020-10-12 17:00:00,6485,2,-1,125,2,680,1,0,0,1.4142135623730951
2020-10-13 17:00:00,6513,28,5,801,21,685,2,1,0,5.291502622129181
2020-10-14 17:00:00,6542,29,-27,2567,54,658,2,0,0,5.385164807134504
2020-10-15 17:00:00,6604,62,10,1655,50,668,2,0,0,7.874007874011811
2020-10-16 17:00:00,6715,111,57,2376,53,725,1,0,0,10.535653752852738
2020-10-17 17:00:00,6797,82,46,2593,35,771,1,7,0,9.055385138137417
2020-10-18 17:00:00,6845,48,30,830,18,801,0,11,0,6.928203230275509
2020-10-19 17:00:00,6924,79,62,1518,16,863,1,6,0,8.888194417315589
2020-10-20 17:00:00,7018,94,-99,854,193,764,0,1,1,9.695359714832659
2020-10-21 17:00:00,7166,148,84,2760,62,848,2,3,1,12.165525060596439
2020-10-22 17:00:00,7319,153,121,1234,29,969,3,9,-1,12.36931687685298
2020-10-23 17:00:00,7526,207,160,3497,47,1129,0,8,2,14.38749456993816
2020-10-24 17:00:00,7688,162,127,2093,34,1256,1,-6,1,12.727922061357855
2020-10-25 17:00:00,7792,104,76,1827,27,1332,1,13,0,10.198039027185569
2020-10-26 17:00:00,7905,113,108,987,4,1440,1,9,1,10.63014581273465
2020-10-27 17:00:00,8162,257,208,1345,48,1648,1,3,0,16.0312195418814
2020-10-28 17:00:00,8353,191,119,2788,67,1767,5,10,1,13.820274961085254
2020-10-29 17:00:00,8526,173,-146,3103,316,1621,3,15,3,13.152946437965905
2020-10-30 17:00:00,8748,222,68,2856,152,1689,2,9,0,14.89966442575134
2020-10-31 17:00:00,9138,390,236,3056,153,1925,1,3,0,19.748417658131498
2020-11-01 17:00:00,9348,210,175,2610,32,2100,3,31,0,14.491376746189438
2020-11-02 17:00:00,9535,187,69,937,115,2169,3,26,2,13.674794331177344
2020-11-03 17:00:00,9647,112,93,1567,16,2262,3,22,1,10.583005244258363
2020-11-04 17:00:00,9872,225,56,3682,165,2318,4,11,-1,15.0
2020-11-05 17:00:00,10192,320,18,3251,299,2336,3,13,4,17.88854381999832
2020-11-06 17:00:00,10453,261,97,3463,159,2433,5,2,2,16.15549442140351
2020-11-07 17:00:00,10704,251,185,2623,61,2618,5,17,1,15.84297951775486
2020-11-08 17:00:00,10886,182,135,1659,46,2753,1,12,2,13.490737563232042
2020-11-09 17:00:00,11143,257,221,1009,30,2974,6,20,4,16.0312195418814
2020-11-10 17:00:00,11386,243,-165,2383,402,2809,6,15,4,15.588457268119896
2020-11-11 17:00:00,11639,253,-22,4327,267,2787,8,17,3,15.905973720586866
2020-11-12 17:00:00,11892,253,46,2342,199,2833,8,31,-1,15.905973720586866
2020-11-13 17:00:00,12094,202,87,4650,103,2920,12,15,0,14.212670403551895
2020-11-14 17:00:00,12300,206,-86,4012,281,2834,11,2,1,14.352700094407323
2020-11-15 17:00:00,12568,268,128,2482,132,2962,8,15,2,16.3707055437449
2020-11-16 17:00:00,12749,181,-124,1900,290,2838,15,16,-1,13.45362404707371
2020-11-17 17:00:00,13025,276,156,1618,117,2994,3,2,3,16.61324772583615
2020-11-18 17:00:00,13261,236,-134,4224,363,2860,7,10,3,15.362291495737216
2020-11-19 17:00:00,13527,266,126,3094,133,2986,7,9,1,16.30950643030009
2020-11-20 17:00:00,13761,234,18,3044,209,3004,7,10,-1,15.297058540778355
2020-11-21 17:00:00,13973,212,-302,4874,500,2702,14,-4,2,14.560219778561036
2020-11-22 17:00:00,14132,159,-160,3535,318,2542,1,7,1,12.609520212918492
2020-11-23 17:00:00,14225,93,-24,1479,110,2518,7,13,2,9.643650760992955
2020-11-24 17:00:00,14368,143,-46,2235,175,2472,14,3,-1,11.958260743101398
2020-11-25 17:00:00,14547,179,-25,3401,197,2447,7,-15,-1,13.379088160259652
2020-11-26 17:00:00,14844,297,-85,4321,373,2362,9,-4,2,17.233687939614086
2020-11-27 17:00:00,15073,229,-53,3554,274,2309,8,-9,1,15.132745950421556
2020-11-28 17:00:00,15292,219,-176,3954,389,2133,6,-4,-2,14.798648586948742
2020-11-29 17:00:00,15557,265,186,3695,67,2319,12,0,2,16.278820596099706
2020-11-30 17:00:00,15733,176,129,737,34,2448,13,11,0,13.2664991614216
2020-12-01 17:00:00,15889,156,2,2025,146,2450,8,-9,0,12.489995996796797
2020-12-02 17:00:00,16167,278,9,3705,266,2459,3,6,3,16.673332000533065
2020-12-03 17:00:00,16406,239,73,3574,157,2532,9,-8,-2,15.459624833740307
2020-12-04 17:00:00,16661,255,-26,3931,275,2506,6,11,2,15.968719422671311
2020-12-05 17:00:00,16887,226,13,3600,204,2519,9,-11,1,15.033296378372908
2020-12-06 17:00:00,17103,216,-102,3321,316,2417,2,10,0,14.696938456699069
2020-12-07 17:00:00,17268,165,100,762,49,2517,16,9,0,12.84523257866513
2020-12-08 17:00:00,17417,149,-60,2181,197,2457,12,3,0,12.206555615733702
2020-12-09 17:00:00,17599,182,59,2525,107,2516,16,4,0,13.490737563232042
2020-12-10 17:00:00,17816,217,-70,2699,278,2446,9,1,0,14.730919862656235
2020-12-11 17:00:00,17976,160,-7,2674,157,2439,10,-20,-1,12.649110640673518
2020-12-12 17:00:00,18198,222,-3,3460,214,2436,11,-8,-3,14.89966442575134
2020-12-13 17:00:00,18355,157,79,2023,76,2515,2,10,4,12.529964086141668
2020-12-14 17:00:00,18469,114,39,839,61,2554,14,10,5,10.677078252031311
2020-12-15 17:00:00,18846,377,153,1722,210,2707,14,-11,0,19.4164878389476
2020-12-16 17:00:00,19090,244,95,2828,136,2802,13,2,-3,15.620499351813308
2020-12-17 17:00:00,19553,463,249,2895,201,3051,13,-6,-2,21.517434791350013
2020-12-18 17:00:00,19804,251,-191,3272,428,2860,14,-30,2,15.84297951775486
2020-12-19 17:00:00,19987,183,-497,3687,676,2363,4,0,0,13.527749258468683
2020-12-20 17:00:00,20095,108,29,1832,76,2392,3,3,-1,10.392304845413264
2020-12-21 17:00:00,20154,59,-320,913,366,2072,13,1,0,7.681145747868608
2020-12-22 17:00:00,20290,136,-69,1418,192,2003,13,-18,0,11.661903789690601
2020-12-23 17:00:00,20447,157,-337,3328,484,1666,10,-18,-2,12.529964086141668
2020-12-24 17:00:00,20685,238,80,2565,149,1746,9,-20,2,15.427248620541512
2020-12-25 17:00:00,20839,154,31,2977,118,1777,5,-20,0,12.409673645990857
2020-12-26 17:00:00,20963,124,-51,1444,170,1726,5,25,-1,11.135528725660043
2020-12-27 17:00:00,21049,86,49,586,32,1775,5,25,-3,9.273618495495704
2020-12-28 17:00:00,21148,99,46,760,41,1821,12,18,0,9.9498743710662
2020-12-29 17:00:00,21323,175,-61,1754,224,1760,12,6,1,13.228756555322953
2020-12-30 17:00:00,21520,197,-47,2645,237,1713,7,0,-1,14.035668847618199
2020-12-31 17:00:00,21840,320,149,2834,162,1862,9,0,-3,17.88854381999832
2021-01-01 17:00:00,22033,193,37,2788,146,1899,10,-18,-3,13.892443989449804
2021-01-02 17:00:00,22149,116,83,579,27,1982,6,7,2,10.770329614269007
2021-01-03 17:00:00,22279,130,-1,2151,128,1981,3,13,3,11.40175425099138
2021-01-04 17:00:00,22472,193,84,647,94,2065,15,-3,-1,13.892443989449804
2021-01-05 17:00:00,22700,228,11,1792,209,2076,8,-8,2,15.0996688705415
2021-01-06 17:00:00,22903,203,-52,2888,250,2024,5,-12,0,14.247806848775006
2021-01-07 17:00:00,23073,170,-78,2529,243,1946,5,2,2,13.038404810405298
2021-01-08 17:00:00,23153,80,-16,1052,92,1930,4,-6,-1,8.94427190999916
2021-01-09 17:00:00,23295,142,-92,2947,226,1838,8,-22,2,11.916375287812984
2021-01-10 17:00:00,23640,345,160,2152,178,1998,7,10,-2,18.57417562100671
2021-01-11 17:00:00,23709,69,-4,352,67,1994,6,7,-1,8.306623862918075
2021-01-12 17:00:00,23943,234,-21,1566,245,1973,10,-7,-2,15.297058540778355
2021-01-13 17:00:00,24118,175,15,2623,152,1988,8,-23,1,13.228756555322953
2021-01-14 17:00:00,24390,272,90,2479,178,2078,4,-4,-2,16.492422502470642
2021-01-15 17:00:00,24752,362,230,3482,122,2308,10,-12,0,19.026297590440446
2021-01-16 17:00:00,24938,186,78,3434,101,2386,7,-17,4,13.638181696985855
2021-01-17 17:00:00,25073,135,44,2633,87,2430,4,-2,1,11.61895003862225
2021-01-18 17:00:00,25129,56,-67,708,109,2363,14,2,-1,7.483314773547883
2021-01-19 17:00:00,25272,143,-275,3038,413,2088,5,-16,0,11.958260743101398
2021-01-20 17:00:00,25550,278,-2,3950,276,2086,4,-16,-4,16.673332000533065
2021-01-21 17:00:00,25714,164,-80,3995,237,2006,7,-19,1,12.806248474865697
2021-01-22 17:00:00,25893,179,39,3880,139,2045,1,-17,-2,13.379088160259652
2021-01-23 17:00:00,26086,193,2,4039,185,2047,6,-16,2,13.892443989449804
2021-01-24 17:00:00,26217,131,61,2319,38,2108,32,4,0,11.445523142259598
2021-01-25 17:00:00,26249,32,-40,615,69,2068,3,8,-2,5.656854249492381
2021-01-26 17:00:00,26406,157,-49,3042,199,2019,7,1,-5,12.529964086141668
2021-01-27 17:00:00,26648,242,49,3570,191,2068,2,-15,-1,15.556349186104045
2021-01-28 17:00:00,26855,207,95,3742,112,2163,0,-10,-1,14.38749456993816
2021-01-29 17:00:00,27162,307,208,3568,98,2371,1,-4,0,17.52141546793523
2021-01-30 17:00:00,27392,230,94,3331,134,2465,2,-14,1,15.165750888103101
2021-01-31 17:00:00,27527,135,4,2502,130,2469,1,5,0,11.61895003862225
2021-02-01 17:00:00,27580,53,34,708,19,2503,0,2,0,7.280109889280518
2021-02-02 17:00:00,27752,172,-107,2595,276,2396,3,-6,-1,13.114877048604
2021-02-03 17:00:00,28013,261,99,3290,159,2495,3,-16,-1,16.15549442140351
2021-02-04 17:00:00,28253,240,-53,3867,288,2442,5,-14,-1,15.491933384829668
2021-02-05 17:00:00,28455,202,73,3333,129,2515,0,-2,0,14.212670403551895
2021-02-06 17:00:00,28733,278,109,3331,167,2624,2,-11,-4,16.673332000533065
2021-02-07 17:00:00,28908,175,52,2363,118,2676,5,5,-2,13.228756555322953
2021-02-08 17:00:00,28974,66,-79,878,140,2597,5,5,2,8.12403840463596
2021-02-09 17:00:00,29138,164,-25,2366,186,2572,3,3,1,12.806248474865697
2021-02-10 17:00:00,29443,305,94,3881,210,2666,1,-2,0,17.46424919657298
2021-02-11 17:00:00,29696,253,18,3568,234,2684,1,10,0,15.905973720586866
2021-02-12 17:00:00,29915,219,-14,3321,232,2670,1,0,-1,14.798648586948742
2021-02-13 17:00:00,30164,249,43,3441,206,2713,0,4,-2,15.7797338380595
2021-02-14 17:00:00,30331,167,76,2483,90,2789,1,8,0,12.922847983320086
2021-02-15 17:00:00,30357,26,-106,646,130,2683,2,10,1,5.0990195135927845
2021-02-16 17:00:00,30552,195,34,2201,157,2717,4,-6,0,13.96424004376894
2021-02-17 17:00:00,30863,311,70,3787,237,2787,4,-6,-1,17.635192088548397
2021-02-18 17:00:00,31155,292,112,3520,178,2899,2,10,1,17.08800749063506
2021-02-19 17:00:00,31411,256,-15,3373,267,2884,4,0,-2,16.0
2021-02-20 17:00:00,31723,312,140,3677,171,3024,1,-10,2,17.663521732655695
2021-02-21 17:00:00,31982,259,85,2659,174,3109,0,5,2,16.09347693943108
2021-02-22 17:00:00,32042,60,-116,907,174,2993,2,8,1,7.745966692414834
2021-02-23 17:00:00,32274,232,-1,2957,232,2992,1,-1,2,15.231546211727817
2021-02-24 17:00:00,32631,357,78,4124,276,3070,3,-4,3,18.894443627691185
