data,totale_casi,positivi,netto_positivi,tamponi,guariti,totale_positivi,morti,sintomi,intensiva,delta_positivi
2020-10-01 17:00:00,3996,96,75,2058,20,2136,1,9,1,9.797958971132712
2020-10-02 17:00:00,4056,60,18,1876,42,2154,0,-4,1,7.745966692414834
2020-10-03 17:00:00,4118,62,32,2069,30,2186,0,7,0,7.874007874011811
2020-10-04 17:00:00,4229,111,93,1783,17,2279,1,1,-1,10.535653752852738
2020-10-05 17:00:00,4317,88,47,1622,41,2326,0,2,-1,9.38083151964686
2020-10-06 17:00:00,4380,63,-1,2319,63,2325,1,9,0,7.937253933193772
2020-10-07 17:00:00,4481,101,65,2056,33,2390,3,3,0,10.04987562112089
2020-10-08 17:00:00,4608,127,80,2103,46,2470,1,1,0,11.269427669584644
2020-10-09 17:00:00,4742,134,99,2555,35,2569,0,4,4,11.575836902790225
2020-10-10 17:00:00,4866,124,102,1619,22,2671,0,7,2,11.135528725660043
2020-10-11 17:00:00,5009,143,101,1752,38,2772,4,0,-3,11.958260743101398
2020-10-12 17:00:00,5138,129,87,1578,41,2859,1,17,1,11.357816691600547
2020-10-13 17:00:00,5295,157,41,2466,114,2900,2,7,3,12.529964086141668
2020-10-14 17:00:00,5417,122,26,2158,96,2926,0,8,0,11.045361017187261
2020-10-15 17:00:00,5603,186,98,2688,87,3024,1,8,2,13.638181696985855
2020-10-16 17:00:00,5736,133,71,2450,60,3095,2,7,1,11.532562594670797
2020-10-17 17:00:00,5866,130,93,2995,36,3188,1,5,1,11.40175425099138
2020-10-18 17:00:00,6096,230,208,1911,20,3396,2,16,-1,15.165750888103101
2020-10-19 17:00:00,6255,159,106,2306,53,3502,0,2,4,12.609520212918492
2020-10-20 17:00:00,6476,221,184,2016,34,3686,3,16,1,14.866068747318506
2020-10-21 17:00:00,6643,167,125,2223,39,3811,3,10,2,12.922847983320086
2020-10-22 17:00:00,6886,243,182,3378,60,3993,1,28,0,15.588457268119896
2020-10-23 17:00:00,7235,349,293,3746,56,4286,0,11,0,18.681541692269406
2020-10-24 17:00:00,7564,329,300,3721,26,4586,3,12,0,18.138357147217054
2020-10-25 17:00:00,7759,195,168,2430,20,4754,7,12,-2,13.96424004376894
2020-10-26 17:00:00,7990,231,166,2376,64,4920,1,4,1,15.198684153570664
2020-10-27 17:00:00,8164,174,141,2544,26,5061,7,3,1,13.19090595827292
2020-10-28 17:00:00,8526,362,287,3821,69,5348,6,-8,1,19.026297590440446
2020-10-29 17:00:00,8808,282,218,3460,62,5566,2,24,2,16.792855623746664
2020-10-30 17:00:00,9106,298,255,3566,36,5821,7,1,1,17.26267650163207
2020-10-31 17:00:00,9431,325,234,3323,78,6055,13,26,-1,18.027756377319946
2020-11-01 17:00:00,9830,399,323,2959,69,6378,7,-13,4,19.974984355438178
2020-11-02 17:00:00,10154,324,275,3367,48,6653,1,3,0,18.0
2020-11-03 17:00:00,10456,302,255,2489,43,6908,4,-2,2,17.378147196982766
2020-11-04 17:00:00,10640,184,140,1911,42,7048,2,7,0,13.564659966250536
2020-11-05 17:00:00,11053,413,320,4036,87,7368,6,-4,1,20.322401432901575
2020-11-06 17:00:00,11412,359,318,3699,39,7686,2,52,0,18.947295321496416
2020-11-07 17:00:00,11837,425,385,3426,36,8071,4,-2,10,20.615528128088304
2020-11-08 17:00:00,12261,424,356,4292,66,8427,2,10,-1,20.591260281974
2020-11-09 17:00:00,12588,327,166,2927,148,8593,13,8,3,18.083141320025124
2020-11-10 17:00:00,13077,489,367,3879,111,8960,11,-5,-7,22.11334438749598
2020-11-11 17:00:00,13493,416,221,4175,181,9181,14,15,3,20.396078054371138
2020-11-12 17:00:00,13794,301,190,4144,106,9371,5,6,2,17.349351572897472
2020-11-13 17:00:00,14417,623,322,4925,286,9693,15,48,1,24.95996794869737
2020-11-14 17:00:00,14813,396,289,4025,102,9982,5,34,2,19.8997487421324
2020-11-15 17:00:00,15183,370,238,3386,128,10220,4,4,1,19.235384061671343
2020-11-16 17:00:00,15594,411,234,2350,171,10454,6,0,3,20.273134932713294
2020-11-17 17:00:00,16096,502,330,3653,160,10784,12,2,1,22.40535650240808
2020-11-18 17:00:00,16518,422,261,3551,151,11045,10,-7,-1,20.54263858417414
2020-11-19 17:00:00,16997,479,347,4834,120,11392,12,12,4,21.88606862823929
2020-11-20 17:00:00,17578,581,252,4354,324,11644,5,9,2,24.1039415863879
2020-11-21 17:00:00,18089,511,270,3702,229,11914,12,-22,1,22.60530911091463
2020-11-22 17:00:00,18493,404,269,3932,125,12183,10,-1,0,20.09975124224178
2020-11-23 17:00:00,18998,505,281,2589,218,12464,6,9,2,22.47220505424423
2020-11-24 17:00:00,19288,290,98,2458,180,12562,12,15,1,17.029386365926403
2020-11-25 17:00:00,19639,351,135,3877,210,12697,6,-12,3,18.734993995195193
2020-11-26 17:00:00,20044,405,274,3037,126,12971,5,20,-3,20.12461179749811
2020-11-27 17:00:00,20419,375,184,3334,182,13155,9,-7,-2,19.364916731037084
2020-11-28 17:00:00,20730,311,-36,4189,342,13119,5,16,2,17.635192088548397
2020-11-29 17:00:00,21146,416,280,3161,132,13399,4,10,-4,20.396078054371138
2020-11-30 17:00:00,21475,329,129,2530,192,13528,8,26,1,18.138357147217054
2020-12-01 17:00:00,21895,420,98,3328,317,13626,5,3,-2,20.493901531919196
2020-12-02 17:00:00,22340,445,257,3297,184,13883,4,-6,-2,21.095023109728988
2020-12-03 17:00:00,22878,538,337,5548,192,14220,9,16,0,23.194827009486403
2020-12-04 17:00:00,23429,551,281,4774,221,14501,49,-2,4,23.473389188611005
2020-12-05 17:00:00,23893,464,356,3297,95,14857,13,16,-3,21.540659228538015
2020-12-06 17:00:00,24186,293,103,4571,183,14960,7,9,-3,17.11724276862369
2020-12-07 17:00:00,24552,366,182,2639,176,15142,8,3,0,19.131126469708992
2020-12-08 17:00:00,24778,226,18,3121,204,15160,4,-3,-2,15.033296378372908
2020-12-09 17:00:00,25031,253,-145,2043,392,15015,6,5,-1,15.905973720586866
2020-12-10 17:00:00,25279,248,-21,4163,262,14994,7,-11,2,15.748015748023622
2020-12-11 17:00:00,25477,198,71,4285,120,15065,7,-15,1,14.071247279470288
2020-12-12 17:00:00,25645,168,-75,3162,236,14990,7,-9,-3,12.96148139681572
2020-12-13 17:00:00,26278,633,434,3606,192,15424,7,3,-2,25.15949125081825
2020-12-14 17:00:00,26506,228,-63,2312,280,15361,11,-9,-2,15.0996688705415
2020-12-15 17:00:00,26737,231,23,3604,196,15384,12,-10,1,15.198684153570664
2020-12-16 17:00:00,27142,405,100,5601,282,15484,23,-20,-1,20.12461179749811
2020-12-17 17:00:00,27410,268,55,4025,202,15539,11,8,-1,16.3707055437449
2020-12-18 17:00:00,27695,285,78,4741,197,15617,10,-11,-3,16.881943016134134
2020-12-19 17:00:00,28075,380,59,4068,312,15676,9,-14,-1,19.493588689617926
2020-12-20 17:00:00,28386,311,160,3852,144,15836,7,15,-2,17.635192088548397
2020-12-21 17:00:00,28683,297,123,2616,165,15959,9,-6,-2,17.233687939614086
2020-12-22 17:00:00,28867,184,-80,2987,252,15879,12,-16,0,13.564659966250536
2020-12-23 17:00:00,29136,269,90,4296,171,15969,8,-7,-4,16.401219466856727
2020-12-24 17:00:00,29467,331,46,4115,276,16015,9,-21,-3,18.193405398660254
2020-12-25 17:00:00,29876,409,305,3844,101,16320,3,-14,2,20.223748416156685
2020-12-26 17:00:00,30049,173,80,2467,90,16400,3,-6,0,13.152946437965905
2020-12-27 17:00:00,30145,96,15,1160,75,16415,6,5,0,9.797958971132712
2020-12-28 17:00:00,30301,156,-71,1568,206,16344,21,14,1,12.489995996796797
2020-12-29 17:00:00,30417,116,-86,2489,195,16258,7,1,1,10.770329614269007
2020-12-30 17:00:00,30745,328,67,4551,256,16325,5,-2,-1,18.110770276274835
2020-12-31 17:00:00,31113,368,128,3584,236,16453,4,-10,2,19.183326093250876
2021-01-01 17:00:00,31478,365,226,3304,135,16679,4,-7,-4,19.1049731745428
2021-01-02 17:00:00,31667,189,-7,1496,192,16672,4,0,-1,13.74772708486752
2021-01-03 17:00:00,31861,194,82,1574,103,16754,9,-6,2,13.92838827718412
2021-01-04 17:00:00,32038,177,-28,1846,201,16726,4,16,0,13.30413469565007
2021-01-05 17:00:00,32270,232,44,3014,179,16770,9,-1,2,15.231546211727817
2021-01-06 17:00:00,32605,335,143,3133,183,16913,9,6,2,18.303005217723125
2021-01-07 17:00:00,32945,340,146,2458,185,17059,9,-2,1,18.439088914585774
2021-01-08 17:00:00,33188,243,6,2752,222,17065,15,12,2,15.588457268119896
2021-01-09 17:00:00,33493,305,77,3109,221,17142,7,-8,-3,17.46424919657298
2021-01-10 17:00:00,33794,301,85,2724,205,17227,11,11,0,17.349351572897472
2021-01-11 17:00:00,34025,231,30,2431,193,17257,8,10,1,15.198684153570664
2021-01-12 17:00:00,34436,411,156,2620,241,17413,14,5,-3,20.273134932713294
2021-01-13 17:00:00,34669,233,34,3034,184,17447,15,10,2,15.264337522473747
2021-01-14 17:00:00,34944,275,6,2890,259,17453,10,-5,3,16.583123951777
2021-01-15 17:00:00,35204,260,-2,2258,249,17451,13,-17,0,16.1245154965971
2021-01-16 17:00:00,35572,368,224,3282,134,17675,10,-10,-1,19.183326093250876
2021-01-17 17:00:00,35774,202,73,3119,124,17748,5,7,-1,14.212670403551895
2021-01-18 17:00:00,35910,136,-132,3239,264,17616,4,-1,3,11.661903789690601
2021-01-19 17:00:00,36019,109,-194,2918,295,17422,8,0,2,10.44030650891055
2021-01-20 17:00:00,36235,216,-146,4201,357,17276,5,-18,0,14.696938456699069
2021-01-21 17:00:00,36473,238,-160,5991,391,17116,7,-22,-2,15.427248620541512
2021-01-22 17:00:00,36685,212,-113,3523,316,17003,9,-17,1,14.560219778561036
2021-01-23 17:00:00,36876,191,20,2649,161,17023,10,8,-6,13.820274961085254
2021-01-24 17:00:00,37051,175,75,2674,97,17098,3,7,-1,13.228756555322953
2021-01-25 17:00:00,37258,207,-95,3240,299,17003,3,8,3,14.38749456993816
2021-01-26 17:00:00,37396,138,-205,4343,340,16798,3,-4,-4,11.74734012447073
2021-01-27 17:00:00,37647,251,-250,4403,494,16548,7,3,-1,15.84297951775486
2021-01-28 17:00:00,37884,237,-195,4490,425,16353,7,-6,0,15.394804318340652
2021-01-29 17:00:00,38141,257,-266,5473,516,16087,7,-12,-3,16.0312195418814
2021-01-30 17:00:00,38370,229,-136,3304,360,15951,5,-3,-1,15.132745950421556
2021-01-31 17:00:00,38537,167,29,2203,137,15980,1,-4,0,12.922847983320086
2021-02-01 17:00:00,38660,123,-424,2075,543,15556,4,-7,0,11.090536506409418
2021-02-02 17:00:00,38731,71,-364,3428,427,15192,8,-9,-5,8.426149773176359
2021-02-03 17:00:00,38874,143,-354,4350,490,14838,7,-14,-5,11.958260743101398
2021-02-04 17:00:00,39079,205,-87,2941,288,14751,4,-18,-1,14.317821063276353
2021-02-05 17:00:00,39248,169,-45,3320,209,14706,5,5,1,13.0
2021-02-06 17:00:00,39373,125,-58,2754,177,14648,6,-9,2,11.180339887498949
2021-02-07 17:00:00,39527,154,37,1891,114,14685,3,-12,3,12.409673645990857
2021-02-08 17:00:00,39583,56,-158,1850,210,14527,4,-2,1,7.483314773547883
2021-02-09 17:00:00,39664,81,-141,17184,214,14386,8,-9,2,9.0
2021-02-10 17:00:00,39825,161,-74,23527,230,14312,5,-6,-5,12.68857754044952
2021-02-11 17:00:00,39950,125,-121,3415,236,14191,10,-7,1,11.180339887498949
2021-02-12 17:00:00,40037,87,-125,8461,204,14066,8,-8,0,9.327379053088816
2021-02-13 17:00:00,40124,87,-41,2797,123,14025,5,-17,-5,9.327379053088816
2021-02-14 17:00:00,40207,83,-23,2318,99,14002,7,-13,-1,9.1104335791443
2021-02-15 17:00:00,40263,56,-57,43366,107,13945,6,0,-2,7.483314773547883
2021-02-16 17:00:00,40329,66,-119,3341,178,13826,7,-9,-1,8.12403840463596
2021-02-17 17:00:00,40438,109,-168,2659,268,13658,9,-9,5,10.44030650891055
2021-02-18 17:00:00,40538,100,-156,2545,248,13502,8,-7,-4,10.0
2021-02-19 17:00:00,40582,44,-173,2636,211,13329,6,-13,2,6.6332495807108
2021-02-20 17:00:00,40655,73,-49,2227,115,13280,7,-5,2,8.54400374531753
2021-02-21 17:00:00,40688,33,-72,1533,101,13208,4,-2,-3,5.744562646538029
